1.000000000000000021e-03
3.000000000000000062e-03
5.000000000000000104e-03
7.000000000000000146e-03
9.000000000000001055e-03
1.099999999999999936e-02
1.300000000000000114e-02
1.499999999999999944e-02
1.700000000000000122e-02
1.900000000000000300e-02
2.100000000000000130e-02
2.299999999999999961e-02
2.500000000000000139e-02
2.700000000000000316e-02
2.900000000000000147e-02
3.099999999999999978e-02
3.300000000000000155e-02
3.500000000000000333e-02
3.700000000000000511e-02
3.899999999999999994e-02
4.100000000000000172e-02
4.300000000000000350e-02
4.499999999999999833e-02
4.700000000000000011e-02
4.900000000000000189e-02
5.100000000000000366e-02
5.300000000000000544e-02
5.500000000000000028e-02
5.700000000000000205e-02
5.900000000000000383e-02
6.099999999999999867e-02
6.300000000000000044e-02
6.500000000000000222e-02
6.700000000000000400e-02
6.900000000000000577e-02
7.100000000000000755e-02
7.300000000000000933e-02
7.499999999999999722e-02
7.699999999999999900e-02
7.900000000000000078e-02
8.100000000000000255e-02
8.300000000000000433e-02
8.500000000000000611e-02
8.700000000000000788e-02
8.899999999999999578e-02
9.099999999999999756e-02
9.299999999999999933e-02
9.500000000000000111e-02
9.700000000000000289e-02
9.900000000000000466e-02
1.010000000000000064e-01
1.030000000000000082e-01
1.050000000000000100e-01
1.069999999999999979e-01
1.089999999999999997e-01
1.110000000000000014e-01
1.130000000000000032e-01
1.150000000000000050e-01
1.170000000000000068e-01
1.190000000000000085e-01
1.209999999999999964e-01
1.229999999999999982e-01
1.250000000000000000e-01
1.270000000000000018e-01
1.290000000000000036e-01
1.310000000000000053e-01
1.330000000000000071e-01
1.350000000000000089e-01
1.370000000000000107e-01
1.390000000000000124e-01
1.410000000000000142e-01
1.430000000000000160e-01
1.450000000000000178e-01
1.469999999999999918e-01
1.489999999999999936e-01
1.509999999999999953e-01
1.529999999999999971e-01
1.549999999999999989e-01
1.570000000000000007e-01
1.590000000000000024e-01
1.610000000000000042e-01
1.630000000000000060e-01
1.650000000000000078e-01
1.670000000000000095e-01
1.690000000000000113e-01
1.710000000000000131e-01
1.730000000000000149e-01
1.750000000000000167e-01
1.769999999999999907e-01
1.789999999999999925e-01
1.809999999999999942e-01
1.829999999999999960e-01
1.849999999999999978e-01
1.869999999999999996e-01
1.890000000000000013e-01
1.910000000000000031e-01
1.930000000000000049e-01
1.950000000000000067e-01
1.970000000000000084e-01
1.990000000000000102e-01
2.010000000000000120e-01
2.030000000000000138e-01
2.050000000000000155e-01
2.070000000000000173e-01
2.090000000000000191e-01
2.109999999999999931e-01
2.129999999999999949e-01
2.149999999999999967e-01
2.169999999999999984e-01
2.190000000000000002e-01
2.210000000000000020e-01
2.230000000000000038e-01
2.250000000000000056e-01
2.270000000000000073e-01
2.290000000000000091e-01
2.310000000000000109e-01
2.330000000000000127e-01
2.350000000000000144e-01
2.370000000000000162e-01
2.390000000000000180e-01
2.409999999999999920e-01
2.429999999999999938e-01
2.449999999999999956e-01
2.469999999999999973e-01
2.489999999999999991e-01
2.510000000000000009e-01
2.530000000000000027e-01
2.550000000000000044e-01
2.570000000000000062e-01
2.590000000000000080e-01
2.610000000000000098e-01
2.630000000000000115e-01
2.650000000000000133e-01
2.670000000000000151e-01
2.690000000000000169e-01
2.710000000000000187e-01
2.730000000000000204e-01
2.750000000000000222e-01
2.770000000000000240e-01
2.790000000000000258e-01
2.810000000000000275e-01
2.830000000000000293e-01
2.850000000000000311e-01
2.870000000000000329e-01
2.890000000000000346e-01
2.909999999999999809e-01
2.929999999999999827e-01
2.949999999999999845e-01
2.969999999999999862e-01
2.989999999999999880e-01
3.009999999999999898e-01
3.029999999999999916e-01
3.049999999999999933e-01
3.069999999999999951e-01
3.089999999999999969e-01
3.109999999999999987e-01
3.130000000000000004e-01
3.150000000000000022e-01
3.170000000000000040e-01
3.190000000000000058e-01
3.210000000000000075e-01
3.230000000000000093e-01
3.250000000000000111e-01
3.270000000000000129e-01
3.290000000000000147e-01
3.310000000000000164e-01
3.330000000000000182e-01
3.350000000000000200e-01
3.370000000000000218e-01
3.390000000000000235e-01
3.410000000000000253e-01
3.430000000000000271e-01
3.450000000000000289e-01
3.470000000000000306e-01
3.490000000000000324e-01
3.510000000000000342e-01
3.529999999999999805e-01
3.549999999999999822e-01
3.569999999999999840e-01
3.589999999999999858e-01
3.609999999999999876e-01
3.629999999999999893e-01
3.649999999999999911e-01
3.669999999999999929e-01
3.689999999999999947e-01
3.709999999999999964e-01
3.729999999999999982e-01
3.750000000000000000e-01
3.770000000000000018e-01
3.790000000000000036e-01
3.810000000000000053e-01
3.830000000000000071e-01
3.850000000000000089e-01
3.870000000000000107e-01
3.890000000000000124e-01
3.910000000000000142e-01
3.930000000000000160e-01
3.950000000000000178e-01
3.970000000000000195e-01
3.990000000000000213e-01
4.010000000000000231e-01
4.030000000000000249e-01
4.050000000000000266e-01
4.070000000000000284e-01
4.090000000000000302e-01
4.110000000000000320e-01
4.130000000000000338e-01
4.150000000000000355e-01
4.170000000000000373e-01
4.189999999999999836e-01
4.209999999999999853e-01
4.229999999999999871e-01
4.249999999999999889e-01
4.269999999999999907e-01
4.289999999999999925e-01
4.309999999999999942e-01
4.329999999999999960e-01
4.349999999999999978e-01
4.369999999999999996e-01
4.390000000000000013e-01
4.410000000000000031e-01
4.430000000000000049e-01
4.450000000000000067e-01
4.470000000000000084e-01
4.490000000000000102e-01
4.510000000000000120e-01
4.530000000000000138e-01
4.550000000000000155e-01
4.570000000000000173e-01
4.590000000000000191e-01
4.610000000000000209e-01
4.630000000000000226e-01
4.650000000000000244e-01
4.670000000000000262e-01
4.690000000000000280e-01
4.710000000000000298e-01
4.730000000000000315e-01
4.750000000000000333e-01
4.770000000000000351e-01
4.790000000000000369e-01
4.809999999999999831e-01
4.829999999999999849e-01
4.849999999999999867e-01
4.869999999999999885e-01
4.889999999999999902e-01
4.909999999999999920e-01
4.929999999999999938e-01
4.949999999999999956e-01
4.969999999999999973e-01
4.989999999999999991e-01
5.010000000000000009e-01
5.030000000000000027e-01
5.050000000000000044e-01
5.070000000000000062e-01
5.090000000000000080e-01
5.110000000000000098e-01
5.130000000000000115e-01
5.150000000000000133e-01
5.170000000000000151e-01
5.190000000000000169e-01
5.210000000000000187e-01
5.230000000000000204e-01
5.250000000000000222e-01
5.270000000000000240e-01
5.290000000000000258e-01
5.310000000000000275e-01
5.330000000000000293e-01
5.350000000000000311e-01
5.370000000000000329e-01
5.390000000000000346e-01
5.410000000000000364e-01
5.430000000000000382e-01
5.450000000000000400e-01
5.470000000000000417e-01
5.490000000000000435e-01
5.510000000000000453e-01
5.530000000000000471e-01
5.550000000000000488e-01
5.570000000000000506e-01
5.590000000000000524e-01
5.610000000000000542e-01
5.630000000000000560e-01
5.650000000000000577e-01
5.670000000000000595e-01
5.690000000000000613e-01
5.710000000000000631e-01
5.730000000000000648e-01
5.750000000000000666e-01
5.770000000000000684e-01
5.789999999999999591e-01
5.809999999999999609e-01
5.829999999999999627e-01
5.849999999999999645e-01
5.869999999999999662e-01
5.889999999999999680e-01
5.909999999999999698e-01
5.929999999999999716e-01
5.949999999999999734e-01
5.969999999999999751e-01
5.989999999999999769e-01
6.009999999999999787e-01
6.029999999999999805e-01
6.049999999999999822e-01
6.069999999999999840e-01
6.089999999999999858e-01
6.109999999999999876e-01
6.129999999999999893e-01
6.149999999999999911e-01
6.169999999999999929e-01
6.189999999999999947e-01
6.209999999999999964e-01
6.229999999999999982e-01
6.250000000000000000e-01
6.270000000000000018e-01
6.290000000000000036e-01
6.310000000000000053e-01
6.330000000000000071e-01
6.350000000000000089e-01
6.370000000000000107e-01
6.390000000000000124e-01
6.410000000000000142e-01
6.430000000000000160e-01
6.450000000000000178e-01
6.470000000000000195e-01
6.490000000000000213e-01
6.510000000000000231e-01
6.530000000000000249e-01
6.550000000000000266e-01
6.570000000000000284e-01
6.590000000000000302e-01
6.610000000000000320e-01
6.630000000000000338e-01
6.650000000000000355e-01
6.670000000000000373e-01
6.690000000000000391e-01
6.710000000000000409e-01
6.730000000000000426e-01
6.750000000000000444e-01
6.770000000000000462e-01
6.790000000000000480e-01
6.810000000000000497e-01
6.830000000000000515e-01
6.850000000000000533e-01
6.870000000000000551e-01
6.890000000000000568e-01
6.910000000000000586e-01
6.930000000000000604e-01
6.950000000000000622e-01
6.970000000000000639e-01
6.990000000000000657e-01
7.010000000000000675e-01
7.030000000000000693e-01
7.049999999999999600e-01
7.069999999999999618e-01
7.089999999999999636e-01
7.109999999999999654e-01
7.129999999999999671e-01
7.149999999999999689e-01
7.169999999999999707e-01
7.189999999999999725e-01
7.209999999999999742e-01
7.229999999999999760e-01
7.249999999999999778e-01
7.269999999999999796e-01
7.289999999999999813e-01
7.309999999999999831e-01
7.329999999999999849e-01
7.349999999999999867e-01
7.369999999999999885e-01
7.389999999999999902e-01
7.409999999999999920e-01
7.429999999999999938e-01
7.449999999999999956e-01
7.469999999999999973e-01
7.489999999999999991e-01
7.510000000000000009e-01
7.530000000000000027e-01
7.550000000000000044e-01
7.570000000000000062e-01
7.590000000000000080e-01
7.610000000000000098e-01
7.630000000000000115e-01
7.650000000000000133e-01
7.670000000000000151e-01
7.690000000000000169e-01
7.710000000000000187e-01
7.730000000000000204e-01
7.750000000000000222e-01
7.770000000000000240e-01
7.790000000000000258e-01
7.810000000000000275e-01
7.830000000000000293e-01
7.850000000000000311e-01
7.870000000000000329e-01
7.890000000000000346e-01
7.910000000000000364e-01
7.930000000000000382e-01
7.950000000000000400e-01
7.970000000000000417e-01
7.990000000000000435e-01
8.010000000000000453e-01
8.030000000000000471e-01
8.050000000000000488e-01
8.070000000000000506e-01
8.090000000000000524e-01
8.110000000000000542e-01
8.130000000000000560e-01
8.150000000000000577e-01
8.170000000000000595e-01
8.190000000000000613e-01
8.210000000000000631e-01
8.230000000000000648e-01
8.250000000000000666e-01
8.270000000000000684e-01
8.290000000000000702e-01
8.310000000000000719e-01
8.330000000000000737e-01
8.349999999999999645e-01
8.369999999999999662e-01
8.389999999999999680e-01
8.409999999999999698e-01
8.429999999999999716e-01
8.449999999999999734e-01
8.469999999999999751e-01
8.489999999999999769e-01
8.509999999999999787e-01
8.529999999999999805e-01
8.549999999999999822e-01
8.569999999999999840e-01
8.589999999999999858e-01
8.609999999999999876e-01
8.629999999999999893e-01
8.649999999999999911e-01
8.669999999999999929e-01
8.689999999999999947e-01
8.709999999999999964e-01
8.729999999999999982e-01
8.750000000000000000e-01
8.770000000000000018e-01
8.790000000000000036e-01
8.810000000000000053e-01
8.830000000000000071e-01
8.850000000000000089e-01
8.870000000000000107e-01
8.890000000000000124e-01
8.910000000000000142e-01
8.930000000000000160e-01
8.950000000000000178e-01
8.970000000000000195e-01
8.990000000000000213e-01
9.010000000000000231e-01
9.030000000000000249e-01
9.050000000000000266e-01
9.070000000000000284e-01
9.090000000000000302e-01
9.110000000000000320e-01
9.130000000000000338e-01
9.150000000000000355e-01
9.170000000000000373e-01
9.190000000000000391e-01
9.210000000000000409e-01
9.230000000000000426e-01
9.250000000000000444e-01
9.270000000000000462e-01
9.290000000000000480e-01
9.310000000000000497e-01
9.330000000000000515e-01
9.350000000000000533e-01
9.370000000000000551e-01
9.390000000000000568e-01
9.410000000000000586e-01
9.430000000000000604e-01
9.450000000000000622e-01
9.470000000000000639e-01
9.490000000000000657e-01
9.510000000000000675e-01
9.530000000000000693e-01
9.550000000000000711e-01
9.570000000000000728e-01
9.590000000000000746e-01
9.609999999999999654e-01
9.629999999999999671e-01
9.649999999999999689e-01
9.669999999999999707e-01
9.689999999999999725e-01
9.709999999999999742e-01
9.729999999999999760e-01
9.749999999999999778e-01
9.769999999999999796e-01
9.789999999999999813e-01
9.809999999999999831e-01
9.829999999999999849e-01
9.849999999999999867e-01
9.869999999999999885e-01
9.889999999999999902e-01
9.909999999999999920e-01
9.929999999999999938e-01
9.949999999999999956e-01
9.969999999999999973e-01
9.989999999999999991e-01
