1.000000000000000000e+00 7.500000000000000000e-01 2.781250000000000444e+00
1.000000000000000000e+00 7.500000000000000000e-01 2.781250000000000444e+00
1.000000000000000000e+00 7.500000000000000000e-01 2.781250000000000444e+00
1.000000000000000000e+00 7.500000000000000000e-01 2.781250000000000444e+00
1.000000000000000000e+00 7.500000000000000000e-01 2.781250000000000444e+00
1.000000000000000000e+00 7.500000000000000000e-01 2.781250000000000444e+00
1.000000000000000000e+00 7.500000000000000000e-01 2.781250000000000444e+00
1.000000000000000000e+00 7.500000000000000000e-01 2.781250000000000444e+00
1.000000000000000000e+00 7.500000000000000000e-01 2.781250000000000444e+00
1.000000000000000000e+00 7.500000000000000000e-01 2.781250000000000444e+00
1.000000000000000000e+00 7.500000000000000000e-01 2.781250000000000444e+00
1.000000000000000000e+00 7.500000000000000000e-01 2.781250000000000444e+00
1.000000000000000000e+00 7.500000000000000000e-01 2.781250000000000444e+00
1.000000000000000000e+00 7.500000000000000000e-01 2.781250000000000444e+00
1.000000000000000000e+00 7.500000000000000000e-01 2.781250000000000444e+00
1.000000000000000000e+00 7.500000000000000000e-01 2.781250000000000444e+00
1.000000000000000000e+00 7.500000000000000000e-01 2.781250000000000444e+00
1.000000000000000000e+00 7.500000000000000000e-01 2.781250000000000444e+00
1.000000000000000000e+00 7.500000000000000000e-01 2.781250000000000444e+00
1.000000000000000000e+00 7.500000000000000000e-01 2.781250000000000444e+00
1.000000000000000000e+00 7.500000000000000000e-01 2.781250000000000444e+00
1.000000000000000000e+00 7.500000000000000000e-01 2.781250000000000444e+00
1.000000000000000000e+00 7.500000000000000000e-01 2.781250000000000444e+00
1.000000000000000000e+00 7.500000000000000000e-01 2.781250000000000444e+00
1.000000000000000000e+00 7.500000000000000000e-01 2.781250000000000444e+00
1.000000000000000000e+00 7.500000000000000000e-01 2.781250000000000444e+00
1.000000000000000000e+00 7.500000000000000000e-01 2.781250000000000444e+00
1.000000000000000000e+00 7.500000000000000000e-01 2.781250000000000444e+00
1.000000000000000000e+00 7.500000000000000000e-01 2.781250000000000444e+00
1.000000000000000000e+00 7.500000000000000000e-01 2.781250000000000444e+00
1.000000000000000000e+00 7.500000000000000000e-01 2.781250000000000444e+00
1.000000000000000000e+00 7.500000000000000000e-01 2.781250000000000444e+00
1.000000000000000000e+00 7.500000000000000000e-01 2.781250000000000444e+00
1.000000000000000000e+00 7.500000000000000000e-01 2.781250000000000444e+00
1.000000000000000000e+00 7.500000000000000000e-01 2.781250000000000444e+00
1.000000000000000000e+00 7.500000000000000000e-01 2.781250000000000444e+00
1.000000000000000000e+00 7.500000000000000000e-01 2.781250000000000444e+00
1.000000000000000000e+00 7.500000000000000000e-01 2.781250000000000444e+00
1.000000000000000000e+00 7.500000000000000000e-01 2.781250000000000444e+00
1.000000000000000000e+00 7.500000000000000000e-01 2.781250000000000444e+00
1.000000000000000000e+00 7.500000000000000000e-01 2.781250000000000444e+00
1.000000000000000000e+00 7.500000000000000000e-01 2.781250000000000444e+00
1.000000000000000000e+00 7.500000000000000000e-01 2.781250000000000444e+00
1.000000000000000000e+00 7.500000000000000000e-01 2.781250000000000444e+00
1.000000000000000000e+00 7.500000000000000000e-01 2.781250000000000444e+00
1.000000000000000000e+00 7.500000000000000000e-01 2.781250000000000444e+00
1.000000000000000000e+00 7.500000000000000000e-01 2.781250000000000444e+00
1.000000000000000000e+00 7.500000000000000000e-01 2.781250000000000444e+00
1.000000000000000000e+00 7.500000000000000000e-01 2.781250000000000444e+00
1.000000000000000000e+00 7.500000000000000000e-01 2.781250000000000444e+00
1.000000000000000000e+00 7.500000000000000000e-01 2.781250000000000444e+00
1.000000000000000000e+00 7.500000000000000000e-01 2.781250000000000444e+00
9.999999999999995559e-01 7.500000000000002220e-01 2.781249999999999112e+00
9.999999999999986677e-01 7.500000000000005551e-01 2.781249999999996891e+00
9.999999999999966693e-01 7.500000000000014433e-01 2.781249999999990674e+00
9.999999999999916733e-01 7.500000000000035527e-01 2.781249999999976463e+00
9.999999999999781286e-01 7.500000000000097700e-01 2.781249999999936495e+00
9.999999999999426015e-01 7.500000000000249800e-01 2.781249999999833911e+00
9.999999999998524514e-01 7.500000000000639488e-01 2.781249999999573230e+00
9.999999999996262989e-01 7.500000000001620926e-01 2.781249999998918643e+00
9.999999999990679678e-01 7.500000000004040102e-01 2.781249999997302602e+00
9.999999999977093879e-01 7.500000000009925394e-01 2.781249999993371524e+00
9.999999999944558793e-01 7.500000000024017455e-01 2.781249999983956389e+00
9.999999999867832390e-01 7.500000000057256422e-01 2.781249999961753261e+00
9.999999999689717090e-01 7.500000000134420253e-01 2.781249999910209159e+00
9.999999999282704888e-01 7.500000000310742543e-01 2.781249999792426930e+00
9.999999998367359311e-01 7.500000000707287562e-01 2.781249999527540595e+00
9.999999996341645270e-01 7.500000001584855580e-01 2.781249998941331736e+00
9.999999991930815790e-01 7.500000003495699286e-01 2.781249997664909657e+00
9.999999982482681293e-01 7.500000007588781825e-01 2.781249994930772740e+00
9.999999962576550105e-01 7.500000016212433618e-01 2.781249989170261117e+00
9.999999921331539365e-01 7.500000034080429590e-01 2.781249977234624193e+00
9.999999837303198413e-01 7.500000070482848447e-01 2.781249952918182000e+00
9.999999669007380021e-01 7.500000143391274410e-01 2.781249904216099633e+00
9.999999337697781376e-01 7.500000286919852321e-01 2.781249808340471308e+00
9.999998696746988935e-01 7.500000564589855978e-01 2.781249622859706339e+00
9.999997478434797804e-01 7.500001092381738399e-01 2.781249270299941401e+00
9.999995203624537643e-01 7.500002077864432737e-01 2.781248612006875565e+00
9.999991032147211856e-01 7.500003885010159133e-01 2.781247404849511717e+00
9.999983521214538262e-01 7.500007138850137700e-01 2.781245231309263932e+00
9.999970245625657839e-01 7.500012889996363619e-01 2.781241389575280554e+00
9.999947217334065330e-01 7.500022866063817961e-01 2.781234725580384648e+00
9.999908024642828464e-01 7.500039844500930863e-01 2.781223383908676183e+00
9.999842596146966134e-01 7.500068187849613377e-01 2.781204450128121675e+00
9.999735487023831970e-01 7.500114585600740069e-01 2.781173454939905199e+00
9.999563593293703256e-01 7.500189043094722674e-01 2.781123712887715538e+00
9.999293233025446925e-01 7.500306142981909563e-01 2.781045478082394329e+00
9.998876602062597430e-01 7.500486574125140304e-01 2.780924919362782521e+00
9.998247722409733251e-01 7.500758873339458122e-01 2.780742949506115114e+00
9.997318152664843582e-01 7.501161257314998831e-01 2.780473987181296014e+00
9.995972907212646863e-01 7.501743341643073437e-01 2.780084782097375751e+00
9.994067202663672322e-01 7.502567464998785018e-01 2.779533484049752090e+00
9.991424768426468983e-01 7.503709280845297647e-01 2.778769171357726275e+00
9.987838467732218506e-01 7.505257272412553249e-01 2.777732057201760529e+00
9.983073829099882168e-01 7.507310912022933103e-01 2.776354549745557065e+00
9.976875769545855421e-01 7.509977332901289770e-01 2.774563248545593552e+00
9.968978331382543079e-01 7.513366598059640911e-01 2.772281824594307054e+00
9.959116738063025220e-01 7.517585898881298245e-01 2.769434578877814079e+00
9.947040620521055976e-01 7.522733238911788467e-01 2.765950339724421614e+00
9.932526993025937445e-01 7.528891296690138901e-01 2.761766277945176373e+00
9.915391544404776880e-01 7.536122173681610859e-01 2.756831214278752995e+00
9.895497063843874397e-01 7.544463611713645435e-01 2.751108068607116319e+00
9.872758274544594093e-01 7.553927038306491593e-01 2.744575235596196539e+00
9.847142889003529520e-01 7.564497524176391208e-01 2.737226832892574624e+00
9.818669203721096528e-01 7.576135478237948639e-01 2.729071918936658125e+00
9.787400924379427991e-01 7.588779712132723843e-01 2.720132889331650539e+00
9.753440109904819577e-01 7.602351404259752865e-01 2.710443319753874203e+00
9.716919149926072086e-01 7.616758481694220206e-01 2.700045530811139294e+00
9.677992584560459743e-01 7.631899997079369946e-01 2.688988117922536336e+00
9.636829392664318927e-01 7.647670177615997211e-01 2.677323633660973812e+00
9.593606166577897110e-01 7.663961936538422615e-01 2.665106546807149535e+00
9.548501396882749237e-01 7.680669742671637490e-01 2.652391543425473230e+00
9.501690932461487327e-01 7.697691828383174117e-01 2.639232187471685975e+00
9.453344567528589870e-01 7.714931776011688669e-01 2.625679924282116051e+00
9.403623636496837301e-01 7.732299558855517674e-01 2.611783389193452098e+00
9.352679462177054814e-01 7.749712129330623700e-01 2.597587973215584878e+00
9.300652493528135389e-01 7.767093649313207004e-01 2.583135595251353056e+00
9.247671977002256405e-01 7.784375451055397521e-01 2.568464633073400005e+00
9.193856023057878080e-01 7.801495805554241603e-01 2.553609970866085987e+00
9.139311951167312653e-01 7.818399561883772053e-01 2.538603127954662142e+00
9.084136818971174643e-01 7.835037707738424784e-01 2.523472440269764583e+00
9.028418061948463302e-01 7.851366889414740369e-01 2.508243272479969921e+00
8.972234187977217168e-01 7.867348919203225321e-01 2.492938244245779256e+00
8.915655486077198599e-01 7.882950289803618560e-01 2.477577458600933369e+00
8.858744720510598469e-01 7.898141708811470263e-01 2.462178724079117309e+00
8.801557790559417782e-01 7.912897661331227406e-01 2.446757764972611771e+00
8.744144343084012672e-01 7.927196005087584485e-01 2.431328416158283545e+00
8.686548329790958478e-01 7.941017599771481583e-01 2.415902800381181326e+00
8.628808504353385755e-01 7.954345970534517640e-01 2.400491486859296142e+00
8.570958856420534122e-01 7.967167004334283487e-01 2.385103630657054552e+00
8.513028980329687689e-01 7.979468677070232774e-01 2.369747092537328292e+00
8.455044376103100223e-01 7.991240809003790080e-01 2.354428538983049268e+00
8.397026679074758304e-01 8.002474845726187391e-01 2.339153521790240831e+00
8.338993812105165437e-01 8.013163661843463181e-01 2.323926536047442593e+00
8.280960050467298661e-01 8.023301384527391500e-01 2.308751054354501786e+00
8.222935983476716837e-01 8.032883234082115465e-01 2.293629533641633245e+00
8.164928347638539252e-01 8.041905378650712199e-01 2.278563388646679400e+00
8.106939691440844253e-01 8.050364800081898364e-01 2.263552922491965269e+00
8.048967808229942067e-01 8.058259167727691574e-01 2.248597198961699739e+00
7.991004833944075347e-01 8.065586716446271343e-01 2.233693831317027367e+00
7.933035837436749338e-01 8.072346124171048132e-01 2.218838645497072104e+00
7.875036605317724536e-01 8.078536382769253565e-01 2.204025144605020969e+00
7.816970081485622446e-01 8.084156652959928469e-01 2.189243642096630804e+00
7.758780426467115632e-01 8.089206088582133747e-01 2.174479809249965534e+00
7.700382565968069137e-01 8.093683604843954216e-01 2.159712112734288869e+00
7.641642423419566788e-01 8.097587542999923338e-01 2.144906959346206232e+00
7.582335609028655332e-01 8.100915133320110151e-01 2.130008536131823504e+00
7.522047736300356835e-01 8.103661527137153708e-01 2.114914269715597150e+00
7.459872783943441998e-01 8.105817752567990864e-01 2.099400503054130063e+00
7.393004664009915627e-01 8.107360161035517265e-01 2.082775741773744027e+00
7.224457147265166412e-01 8.107692361426931393e-01 2.041136877536904759e+00
7.164918303333518423e-01 8.106552550456583850e-01 2.026520892132446683e+00
7.109592450527939533e-01 8.104901789859412231e-01 2.012981467842781758e+00
7.056188278390653768e-01 8.102764718626644935e-01 1.999950561285993134e+00
7.004026605589944721e-01 8.100158807138482242e-01 1.987258718808674995e+00
6.952810288040405240e-01 8.097098603933032823e-01 1.974831051048379749e+00
6.902384322743850831e-01 8.093597316895712046e-01 1.962627884623471264e+00
6.852660223896636094e-01 8.089667583862452105e-01 1.950626033626610578e+00
6.803585667233972289e-01 8.085321927931327091e-01 1.938811271925164892e+00
6.755130359488952241e-01 8.080573073818309027e-01 1.927174822341193305e+00
6.707278798340243764e-01 8.075434201127961176e-01 1.915711552336360812e+00
6.660026341175346865e-01 8.069919172390888074e-01 1.904418989099694537e+00
6.613377025358853079e-01 8.064042757432942077e-01 1.893296767992710405e+00
6.567342397192427184e-01 8.057820868025172834e-01 1.882346329996005263e+00
6.521940969438195790e-01 8.051270812936739407e-01 1.871570773652257103e+00
6.477198101875614178e-01 8.044411581389222521e-01 1.860974810281943226e+00
6.433146188261459342e-01 8.037264161452233324e-01 1.850564793314831924e+00
6.389825079452382539e-01 8.029851898485490524e-01 1.840348804139935179e+00
6.347282695594993474e-01 8.022200896801887637e-01 1.830336782718241295e+00
6.305575788913414526e-01 8.014340464763892724e-01 1.820540693510864338e+00
6.264770816399649611e-01 8.006303598907027474e-01 1.810974716990175981e+00
6.224944869684899684e-01 7.998127495660186659e-01 1.801655454420201696e+00
6.186186587187040287e-01 7.989854068943743615e-01 1.792602128670571116e+00
6.148596940357210494e-01 7.981530437494765984e-01 1.783836756377159105e+00
6.112289740829373041e-01 7.973209326520964702e-01 1.775384256648842030e+00
6.077391659304777205e-01 7.964949304175111822e-01 1.767272448933914220e+00
6.044041484054197833e-01 7.956814745645245379e-01 1.759531878507140323e+00
6.012388286465196741e-01 7.948875389948533154e-01 1.752195394461775413e+00
5.982588120705835122e-01 7.941205333816455658e-01 1.745297396065763174e+00
5.954798892029040669e-01 7.933881304704186732e-01 1.738872665120810401e+00
5.929173120654296358e-01 7.926980086359899369e-01 1.732954722932004143e+00
5.905848545793687121e-01 7.920575052362170965e-01 1.727573699748590874e+00
5.884936885415205099e-01 7.914731907355946339e-01 1.722753788458347701e+00
5.866511582993153562e-01 7.909503938760580333e-01 1.718510470975318727e+00
5.850595958253514972e-01 7.904927312822789265e-01 1.714847838376374334e+00
5.837153677542550323e-01 7.901017144395545699e-01 1.711756438914213252e+00
5.826083649796574004e-01 7.897765142573546227e-01 1.709212131501251619e+00
5.817221124112303965e-01 7.895139504762930249e-01 1.707176347919199033e+00
5.810345828449421379e-01 7.893087374198677342e-01 1.705597954969604091e+00
5.805196591405362705e-01 7.891539655633537098e-01 1.704416590557958022e+00
5.801490419593259285e-01 7.890417453989447827e-01 1.703567013365658189e+00
5.798942964480506834e-01 7.889639044894385389e-01 1.702983768577718049e+00
5.797287089876421717e-01 7.889126231520707799e-01 1.702605420249019508e+00
5.796286914561277204e-01 7.888809195538618591e-01 1.702377750998923966e+00
5.795745973889133706e-01 7.888629397856766756e-01 1.702255618662975145e+00
5.795509541810699439e-01 7.888540557195162783e-01 1.702203478552155813e+00
5.795462239844857422e-01 7.888508087136547609e-01 1.702194828242321156e+00
5.795522601217690806e-01 7.888507538557854026e-01 1.702210956172553136e+00
5.795636269267078200e-01 7.888522588061970264e-01 1.702239378256217073e+00
5.795769163105850552e-01 7.888542996092968718e-01 1.702272267750845725e+00
5.795901456493337545e-01 7.888562801345145870e-01 1.702305072201644842e+00
5.796022757858640961e-01 7.888578873594149776e-01 1.702335406350683700e+00
5.796128540748152203e-01 7.888589841741843189e-01 1.702362232257157659e+00
5.796217674437823542e-01 7.888595352402493210e-01 1.702385292102767567e+00
5.796290821061764742e-01 7.888595588824175442e-01 1.702404740020282636e+00
5.796349459641071400e-01 7.888590978075612492e-01 1.702420917914138077e+00
5.796395332182412430e-01 7.888582024919478242e-01 1.702434228229140922e+00
5.796430155822209773e-01 7.888569225498655024e-01 1.702445067831214631e+00
5.796455492058565362e-01 7.888553028123378441e-01 1.702453797973430216e+00
5.796472702338868466e-01 7.888533819935533709e-01 1.702460734100166073e+00
5.796482947057135515e-01 7.888511926569876653e-01 1.702466145624440985e+00
5.796487203571765168e-01 7.888487617500454796e-01 1.702470260075899855e+00
5.796486290383285889e-01 7.888461113218270260e-01 1.702473268665223527e+00
5.796480891306339256e-01 7.888432592393169740e-01 1.702475331848583462e+00
5.796471577099513439e-01 7.888402198260426879e-01 1.702476584309530194e+00
5.796458823834267360e-01 7.888370044016812521e-01 1.702477139193261158e+00
5.796443028104322215e-01 7.888336217256248784e-01 1.702477091616673155e+00
5.796424519484623117e-01 7.888300783566989383e-01 1.702476521548303978e+00
5.796403570716028852e-01 7.888263789431885220e-01 1.702475496167732638e+00
5.796380406056852452e-01 7.888225264562547245e-01 1.702474071805976097e+00
5.796355208172179196e-01 7.888185223776728039e-01 1.702472295552349024e+00
5.796328123855493120e-01 7.888143668504967732e-01 1.702470206595740443e+00
5.796299268807437732e-01 7.888100587991261348e-01 1.702467837352300339e+00
5.796268731638374305e-01 7.888055960234563457e-01 1.702465214418239059e+00
5.796236577216949959e-01 7.888009752704057131e-01 1.702462359376298862e+00
5.796202849455364126e-01 7.887961922850833529e-01 1.702459289477294968e+00
5.796167573601730405e-01 7.887912418431806127e-01 1.702456018213617472e+00
5.796130758096836866e-01 7.887861177656362299e-01 1.702452555798687373e+00
5.796092396043074357e-01 7.887808129161867354e-01 1.702448909564419965e+00
5.796052466323767804e-01 7.887753191818853704e-01 1.702445084286854149e+00
5.796010934400461778e-01 7.887696274359869975e-01 1.702441082448097776e+00
5.795967752805023521e-01 7.887637274817357325e-01 1.702436904441040788e+00
5.795922861331292975e-01 7.887576079743104929e-01 1.702432548721628969e+00
5.795876186914488137e-01 7.887512563162344392e-01 1.702428011911602423e+00
5.795827643158770748e-01 7.887446585182747993e-01 1.702423288851379946e+00
5.795777129429425800e-01 7.887377990125022942e-01 1.702418372597881202e+00
5.795724529359973509e-01 7.887306603955215323e-01 1.702413254355514161e+00
5.795669708522911412e-01 7.887232230659158017e-01 1.702407923319332550e+00
5.795612510848243693e-01 7.887154646973933980e-01 1.702402366394349498e+00
5.795552753105670529e-01 7.887073594530455978e-01 1.702396567729547616e+00
5.795490216343794909e-01 7.886988767897251673e-01 1.702390507964658628e+00
5.795424632538264120e-01 7.886899796152926356e-01 1.702384163026966046e+00
5.795355663755651365e-01 7.886806214326552711e-01 1.702377502228216377e+00
5.795282869760471911e-01 7.886707419157039656e-01 1.702370485285327639e+00
5.795205658014346284e-01 7.886602600917291817e-01 1.702363057707129590e+00
5.795123207236859697e-01 7.886490639265205660e-01 1.702355143732082965e+00
5.795034351903488590e-01 7.886369945936103631e-01 1.702346635648568141e+00
5.794937410061992145e-01 7.886238230303822538e-01 1.702337377865711154e+00
5.794829930469774792e-01 7.886092155173556328e-01 1.702327143509897223e+00
5.794708327252174884e-01 7.885926839532571009e-01 1.702315600601949752e+00
5.794567361095184221e-01 7.885735152478789978e-01 1.702302264019933675e+00
5.794399415776284590e-01 7.885506728645774732e-01 1.702286428507963301e+00
5.794193508328522313e-01 7.885226621116118162e-01 1.702267077021648589e+00
5.793933961398104460e-01 7.884873494634234703e-01 1.702242757790710881e+00
5.793598659355024827e-01 7.884417252315911728e-01 1.702211422842182076e+00
5.793156807422084054e-01 7.883815986051778690e-01 1.702170220499453546e+00
5.792566118749762349e-01 7.883012148410666331e-01 1.702115234909230335e+00
5.791769370899648717e-01 7.881927866352694823e-01 1.702041167179479952e+00
5.790690303788430526e-01 7.880459358882423437e-01 1.701940955519240850e+00
5.789228879468550915e-01 7.878470486031913245e-01 1.701805336311149608e+00
5.787255990050439447e-01 7.875785547133998810e-01 1.701622354042808150e+00
5.784607786757673953e-01 7.872181563194720066e-01 1.701376836195364950e+00
5.781079904150496773e-01 7.867380416730047621e-01 1.701049858409006577e+00
5.776421966572231614e-01 7.861041375962890543e-01 1.700618235746062634e+00
5.770332879490986944e-01 7.852754686181609989e-01 1.700054086765075301e+00
5.762457507507037224e-01 7.842037050115092667e-01 1.699324525751837234e+00
5.752385424166374106e-01 7.828329924989901878e-01 1.698391547165502447e+00
5.739652440878119100e-01 7.811001604630215533e-01 1.697212167041157516e+00
5.723745603151901840e-01 7.789354018433287674e-01 1.695738885693815146e+00
5.704112233562008694e-01 7.762635035795304450e-01 1.693920525371342967e+00
5.680173403738074667e-01 7.730056805925111796e-01 1.691703476985702004e+00
5.651341976991417493e-01 7.690820301267722314e-01 1.689033372254193921e+00
5.617044954897001396e-01 7.644145742724886006e-01 1.685857151140236931e+00
5.576749547889291447e-01 7.589308064782177565e-01 1.682125477841867278e+00
5.529991874388184847e-01 7.525675977632166891e-01 1.677795397560122526e+00
5.476406847551318346e-01 7.452752652685641355e-01 1.672833102214463130e+00
5.415757518239369128e-01 7.370215611256689670e-01 1.667216653573534213e+00
5.347961695110740044e-01 7.277953032249198095e-01 1.660938437138018697e+00
5.273114043150456398e-01 7.176093714100270082e-01 1.654007223917328240e+00
5.191501303119974153e-01 7.065027900056990440e-01 1.646449563915967307e+00
5.103609312273248433e-01 6.945416771067767225e-01 1.638310444693981127e+00
5.010120461734455244e-01 6.818188922832850718e-01 1.629653065432681958e+00
4.911900739934045301e-01 6.684522989151863159e-01 1.620557598933470178e+00
4.809977420031074091e-01 6.545816800528784229e-01 1.611119197194166075e+00
4.705506697284519424e-01 6.403643980959230486e-01 1.601444897333546225e+00
4.599734947972671240e-01 6.259700594783111915e-01 1.591650131185108785e+00
4.493953891560271696e-01 6.115744481595911664e-01 1.581854519385561764e+00
4.389453278808083669e-01 5.973531094003402542e-01 1.572177450848694980e+00
4.287474822494281579e-01 5.834749796029811142e-01 1.562733986426220856e+00
4.189166950070289386e-01 5.700964045709507877e-01 1.553630370175272724e+00
4.095548339310555730e-01 5.573559613365777210e-01 1.544961023797406074e+00
4.007475874652454695e-01 5.453702880801039043e-01 1.536805248472293384e+00
3.925623992503596837e-01 5.342311846872689340e-01 1.529225463856658473e+00
3.850473721309323194e-01 5.240040485472178267e-01 1.522266334090734308e+00
3.782309160411184701e-01 5.147276412135269874e-01 1.515953978498579158e+00
3.721227824730231060e-01 5.064151286804657870e-01 1.510297626133981552e+00
3.667153189086835297e-01 4.990561709774662402e-01 1.505290046597838272e+00
3.619858427004016277e-01 4.926198832502561853e-01 1.500910265648926822e+00
3.578991979339777862e-01 4.870583709435238329e-01 1.497125831622870162e+00
3.544104483526412386e-01 4.823105851150068513e-01 1.493894922864510422e+00
3.514680356737259204e-01 4.783062381541193786e-01 1.491170044585300447e+00
3.490162026000321882e-01 4.749695506626548935e-01 1.488899361623007067e+00
3.469977599301201643e-01 4.722226516024382592e-01 1.487030004296404417e+00
3.453561176955305956e-01 4.699885003439020492e-01 1.485509628861844122e+00
3.440369507220732426e-01 4.681932568616052892e-01 1.484287742432678359e+00
3.429897514240247691e-01 4.667680645639037396e-01 1.483317827915547227e+00
3.421684043372053008e-01 4.656502769635956218e-01 1.482556950120487382e+00
3.415319974228824274e-01 4.647841562851868225e-01 1.481967352185427300e+00
3.410448510157226276e-01 4.641211347707032142e-01 1.481516019722436406e+00
3.406764094059658854e-01 4.636197130366422892e-01 1.481174483046608481e+00
3.404011860419984825e-01 4.632450791060522821e-01 1.480919409718520097e+00
3.401980117948035787e-01 4.629685523530242541e-01 1.480730927967906618e+00
3.400498745613289575e-01 4.627668989137894151e-01 1.480593457566127702e+00
3.399431709478605290e-01 4.626216114725412720e-01 1.480494390532290039e+00
3.398671858142991997e-01 4.625181850110005044e-01 1.480423642452057820e+00
3.398137929022887471e-01 4.624454254677854426e-01 1.480373972652730519e+00
3.397766394210123830e-01 4.623948345042689367e-01 1.480339188859340238e+00
3.397511295628614092e-01 4.623600510618223192e-01 1.480315259704425568e+00
3.397338015323776994e-01 4.623363900917689673e-01 1.480298924570846664e+00
3.397221073993391682e-01 4.623204517196588537e-01 1.480287681686660362e+00
3.397143614833855185e-01 4.623098009490678728e-01 1.480280266613324791e+00
3.397091838090136040e-01 4.623027266704750615e-01 1.480275050052496377e+00
3.397057962598903913e-01 4.622980360490459018e-01 1.480271593061440738e+00
3.397035634816308880e-01 4.622949153720566362e-01 1.480269199854833406e+00
3.397020428509586187e-01 4.622928162051695988e-01 1.480267346797333960e+00
3.397010700029060026e-01 4.622913707236995240e-01 1.480266184781683370e+00
3.397003347364425108e-01 4.622903431040766842e-01 1.480265034100695543e+00
3.396998412884913443e-01 4.622895758781461195e-01 1.480264241921801283e+00
3.396994595535157702e-01 4.622889721616435521e-01 1.480263518686922852e+00
3.396991187527034772e-01 4.622884708326198688e-01 1.480262724414308950e+00
3.396988941356526848e-01 4.622880309685530320e-01 1.480262230077846963e+00
3.396986210033932085e-01 4.622876328225575260e-01 1.480261452586777660e+00
3.396984293239276309e-01 4.622872585400545908e-01 1.480260921717626799e+00
3.396982302508928520e-01 4.622869015416665173e-01 1.480260314121250032e+00
3.396980121075126591e-01 4.622865567295306732e-01 1.480259595798808281e+00
3.396978719373719424e-01 4.622862182810162923e-01 1.480259146329959030e+00
3.396976490624709633e-01 4.622858880977596119e-01 1.480258352166262670e+00
3.396975067298401707e-01 4.622855605422735437e-01 1.480257843363517845e+00
3.396973338659890485e-01 4.622852373249054514e-01 1.480257194721618319e+00
3.396971440747182935e-01 4.622849172111309635e-01 1.480256459762509857e+00
3.396970281283545612e-01 4.622845971322846470e-01 1.480255988316987903e+00
3.396968170415953781e-01 4.622842806831687357e-01 1.480255131588161355e+00
3.396966990284341348e-01 4.622839624361727573e-01 1.480254613607559167e+00
3.396965322569091006e-01 4.622836453651368860e-01 1.480253889699665981e+00
3.396963576956731901e-01 4.622833278207209018e-01 1.480253117727565959e+00
3.396962532201177609e-01 4.622830072261119305e-01 1.480252597329022146e+00
3.396960435203437711e-01 4.622826874344908576e-01 1.480251654893047553e+00
3.396959411878371360e-01 4.622823624545594479e-01 1.480251107709925407e+00
3.396957701231180793e-01 4.622820361559224489e-01 1.480250278980902889e+00
3.396956037296873787e-01 4.622817060674746514e-01 1.480249450846548465e+00
3.396955013149003388e-01 4.622813700593900732e-01 1.480248851183906034e+00
3.396952852157175129e-01 4.622810319745161434e-01 1.480247796913152003e+00
3.396951914089909597e-01 4.622806849951619501e-01 1.480247194593638183e+00
3.396950063795473040e-01 4.622803329300037567e-01 1.480246221956748931e+00
3.396948395722340641e-01 4.622799673087255035e-01 1.480245292506519705e+00
3.396947155734798551e-01 4.622795601626881190e-01 1.480244464050690656e+00
3.396944082478762783e-01 4.622789744075666563e-01 1.480242673549783339e+00
3.396939018371539776e-01 4.622774514513210420e-01 1.480238827973335392e+00
3.396914840567059057e-01 4.622709869420262296e-01 1.480220837642789000e+00
3.396795187897955759e-01 4.622381740121274118e-01 1.480129958011724423e+00
3.396164460257878326e-01 4.620648464502119523e-01 1.479649664384746544e+00
3.392809047995521410e-01 4.611436737649562412e-01 1.477095664157371813e+00
3.375110662637292314e-01 4.562908685784538565e-01 1.463648346958743796e+00
3.285922598203880884e-01 4.320328611683598163e-01 1.396574338058355291e+00
2.918299725136649370e-01 3.356702270767349394e-01 1.132526677957498062e+00
2.078922870309266313e-01 1.404372341401422808e-01 6.109799540287522701e-01
1.409353027442828421e-01 1.989724135133191102e-02 3.010194137924568913e-01
1.262489509725772396e-01 1.342290345732274730e-03 2.535343276731754636e-01
1.250761517699773284e-01 8.066762184774197895e-05 2.502133597725909597e-01
1.250045501956872640e-01 4.815746371568297358e-06 2.500127410284387897e-01
1.250002715494906436e-01 2.873819367567039822e-07 2.500007603402852885e-01
1.250000162045344365e-01 1.714927075705521173e-08 2.500000453727026506e-01
1.250000009669914591e-01 1.023367579839379234e-09 2.500000027075761633e-01
1.250000000577043691e-01 6.106861894983766070e-11 2.500000001615724221e-01
1.250000000034434400e-01 3.644227949542851991e-12 2.500000000096417874e-01
1.250000000002054745e-01 2.174637269675890563e-13 2.500000000005754286e-01
1.250000000000122680e-01 1.296481324744397426e-14 2.500000000000344169e-01
1.250000000000007494e-01 7.719075212002406329e-16 2.500000000000021094e-01
1.250000000000000278e-01 4.041400619472722161e-17 2.500000000000001665e-01
1.250000000000000000e-01 0.000000000000000000e+00 2.500000000000000555e-01
1.250000000000000000e-01 0.000000000000000000e+00 2.500000000000000555e-01
1.250000000000000000e-01 0.000000000000000000e+00 2.500000000000000555e-01
1.250000000000000000e-01 0.000000000000000000e+00 2.500000000000000555e-01
1.250000000000000000e-01 0.000000000000000000e+00 2.500000000000000555e-01
1.250000000000000000e-01 0.000000000000000000e+00 2.500000000000000555e-01
1.250000000000000000e-01 0.000000000000000000e+00 2.500000000000000555e-01
1.250000000000000000e-01 0.000000000000000000e+00 2.500000000000000555e-01
1.250000000000000000e-01 0.000000000000000000e+00 2.500000000000000555e-01
1.250000000000000000e-01 0.000000000000000000e+00 2.500000000000000555e-01
1.250000000000000000e-01 0.000000000000000000e+00 2.500000000000000555e-01
1.250000000000000000e-01 0.000000000000000000e+00 2.500000000000000555e-01
1.250000000000000000e-01 0.000000000000000000e+00 2.500000000000000555e-01
1.250000000000000000e-01 0.000000000000000000e+00 2.500000000000000555e-01
1.250000000000000000e-01 0.000000000000000000e+00 2.500000000000000555e-01
1.250000000000000000e-01 0.000000000000000000e+00 2.500000000000000555e-01
1.250000000000000000e-01 0.000000000000000000e+00 2.500000000000000555e-01
1.250000000000000000e-01 0.000000000000000000e+00 2.500000000000000555e-01
1.250000000000000000e-01 0.000000000000000000e+00 2.500000000000000555e-01
1.250000000000000000e-01 0.000000000000000000e+00 2.500000000000000555e-01
1.250000000000000000e-01 0.000000000000000000e+00 2.500000000000000555e-01
1.250000000000000000e-01 0.000000000000000000e+00 2.500000000000000555e-01
1.250000000000000000e-01 0.000000000000000000e+00 2.500000000000000555e-01
1.250000000000000000e-01 0.000000000000000000e+00 2.500000000000000555e-01
1.250000000000000000e-01 0.000000000000000000e+00 2.500000000000000555e-01
1.250000000000000000e-01 0.000000000000000000e+00 2.500000000000000555e-01
1.250000000000000000e-01 0.000000000000000000e+00 2.500000000000000555e-01
1.250000000000000000e-01 0.000000000000000000e+00 2.500000000000000555e-01
1.250000000000000000e-01 0.000000000000000000e+00 2.500000000000000555e-01
1.250000000000000000e-01 0.000000000000000000e+00 2.500000000000000555e-01
1.250000000000000000e-01 0.000000000000000000e+00 2.500000000000000555e-01
1.250000000000000000e-01 0.000000000000000000e+00 2.500000000000000555e-01
1.250000000000000000e-01 0.000000000000000000e+00 2.500000000000000555e-01
1.250000000000000000e-01 0.000000000000000000e+00 2.500000000000000555e-01
1.250000000000000000e-01 0.000000000000000000e+00 2.500000000000000555e-01
1.250000000000000000e-01 0.000000000000000000e+00 2.500000000000000555e-01
1.250000000000000000e-01 0.000000000000000000e+00 2.500000000000000555e-01
1.250000000000000000e-01 0.000000000000000000e+00 2.500000000000000555e-01
1.250000000000000000e-01 0.000000000000000000e+00 2.500000000000000555e-01
1.250000000000000000e-01 0.000000000000000000e+00 2.500000000000000555e-01
1.250000000000000000e-01 0.000000000000000000e+00 2.500000000000000555e-01
1.250000000000000000e-01 0.000000000000000000e+00 2.500000000000000555e-01
1.250000000000000000e-01 0.000000000000000000e+00 2.500000000000000555e-01
1.250000000000000000e-01 0.000000000000000000e+00 2.500000000000000555e-01
1.250000000000000000e-01 0.000000000000000000e+00 2.500000000000000555e-01
1.250000000000000000e-01 0.000000000000000000e+00 2.500000000000000555e-01
1.250000000000000000e-01 0.000000000000000000e+00 2.500000000000000555e-01
1.250000000000000000e-01 0.000000000000000000e+00 2.500000000000000555e-01
1.250000000000000000e-01 0.000000000000000000e+00 2.500000000000000555e-01
1.250000000000000000e-01 0.000000000000000000e+00 2.500000000000000555e-01
1.250000000000000000e-01 0.000000000000000000e+00 2.500000000000000555e-01
1.250000000000000000e-01 0.000000000000000000e+00 2.500000000000000555e-01
1.250000000000000000e-01 0.000000000000000000e+00 2.500000000000000555e-01
1.250000000000000000e-01 0.000000000000000000e+00 2.500000000000000555e-01
1.250000000000000000e-01 0.000000000000000000e+00 2.500000000000000555e-01
1.250000000000000000e-01 0.000000000000000000e+00 2.500000000000000555e-01
1.250000000000000000e-01 0.000000000000000000e+00 2.500000000000000555e-01
1.250000000000000000e-01 0.000000000000000000e+00 2.500000000000000555e-01
1.250000000000000000e-01 0.000000000000000000e+00 2.500000000000000555e-01
1.250000000000000000e-01 0.000000000000000000e+00 2.500000000000000555e-01
1.250000000000000000e-01 0.000000000000000000e+00 2.500000000000000555e-01
1.250000000000000000e-01 0.000000000000000000e+00 2.500000000000000555e-01
1.250000000000000000e-01 0.000000000000000000e+00 2.500000000000000555e-01
1.250000000000000000e-01 0.000000000000000000e+00 2.500000000000000555e-01
1.250000000000000000e-01 0.000000000000000000e+00 2.500000000000000555e-01
1.250000000000000000e-01 0.000000000000000000e+00 2.500000000000000555e-01
1.250000000000000000e-01 0.000000000000000000e+00 2.500000000000000555e-01
1.250000000000000000e-01 0.000000000000000000e+00 2.500000000000000555e-01
1.250000000000000000e-01 0.000000000000000000e+00 2.500000000000000555e-01
1.250000000000000000e-01 0.000000000000000000e+00 2.500000000000000555e-01
1.250000000000000000e-01 0.000000000000000000e+00 2.500000000000000555e-01
1.250000000000000000e-01 0.000000000000000000e+00 2.500000000000000555e-01
1.250000000000000000e-01 0.000000000000000000e+00 2.500000000000000555e-01
1.250000000000000000e-01 0.000000000000000000e+00 2.500000000000000555e-01
1.250000000000000000e-01 0.000000000000000000e+00 2.500000000000000555e-01
1.250000000000000000e-01 0.000000000000000000e+00 2.500000000000000555e-01
1.250000000000000000e-01 0.000000000000000000e+00 2.500000000000000555e-01
1.250000000000000000e-01 0.000000000000000000e+00 2.500000000000000555e-01
1.250000000000000000e-01 0.000000000000000000e+00 2.500000000000000555e-01
1.250000000000000000e-01 0.000000000000000000e+00 2.500000000000000555e-01
1.250000000000000000e-01 0.000000000000000000e+00 2.500000000000000555e-01
1.250000000000000000e-01 0.000000000000000000e+00 2.500000000000000555e-01
1.250000000000000000e-01 0.000000000000000000e+00 2.500000000000000555e-01
1.250000000000000000e-01 0.000000000000000000e+00 2.500000000000000555e-01
1.250000000000000000e-01 0.000000000000000000e+00 2.500000000000000555e-01
1.250000000000000000e-01 0.000000000000000000e+00 2.500000000000000555e-01
1.250000000000000000e-01 0.000000000000000000e+00 2.500000000000000555e-01
1.250000000000000000e-01 0.000000000000000000e+00 2.500000000000000555e-01
1.250000000000000000e-01 0.000000000000000000e+00 2.500000000000000555e-01
1.250000000000000000e-01 0.000000000000000000e+00 2.500000000000000555e-01
1.250000000000000000e-01 0.000000000000000000e+00 2.500000000000000555e-01
1.250000000000000000e-01 0.000000000000000000e+00 2.500000000000000555e-01
1.250000000000000000e-01 0.000000000000000000e+00 2.500000000000000555e-01
1.250000000000000000e-01 0.000000000000000000e+00 2.500000000000000555e-01
1.250000000000000000e-01 0.000000000000000000e+00 2.500000000000000555e-01
1.250000000000000000e-01 0.000000000000000000e+00 2.500000000000000555e-01
1.250000000000000000e-01 0.000000000000000000e+00 2.500000000000000555e-01
1.250000000000000000e-01 0.000000000000000000e+00 2.500000000000000555e-01
1.250000000000000000e-01 0.000000000000000000e+00 2.500000000000000555e-01
1.250000000000000000e-01 0.000000000000000000e+00 2.500000000000000555e-01
1.250000000000000000e-01 0.000000000000000000e+00 2.500000000000000555e-01
1.250000000000000000e-01 0.000000000000000000e+00 2.500000000000000555e-01
1.250000000000000000e-01 0.000000000000000000e+00 2.500000000000000555e-01
1.250000000000000000e-01 0.000000000000000000e+00 2.500000000000000555e-01
1.250000000000000000e-01 0.000000000000000000e+00 2.500000000000000555e-01
1.250000000000000000e-01 0.000000000000000000e+00 2.500000000000000555e-01
1.250000000000000000e-01 0.000000000000000000e+00 2.500000000000000555e-01
1.250000000000000000e-01 0.000000000000000000e+00 2.500000000000000555e-01
1.250000000000000000e-01 0.000000000000000000e+00 2.500000000000000555e-01
1.250000000000000000e-01 0.000000000000000000e+00 2.500000000000000555e-01
1.250000000000000000e-01 0.000000000000000000e+00 2.500000000000000555e-01
1.250000000000000000e-01 0.000000000000000000e+00 2.500000000000000555e-01
1.250000000000000000e-01 0.000000000000000000e+00 2.500000000000000555e-01
1.250000000000000000e-01 0.000000000000000000e+00 2.500000000000000555e-01
1.250000000000000000e-01 0.000000000000000000e+00 2.500000000000000555e-01
1.250000000000000000e-01 0.000000000000000000e+00 2.500000000000000555e-01
1.250000000000000000e-01 0.000000000000000000e+00 2.500000000000000555e-01
1.250000000000000000e-01 0.000000000000000000e+00 2.500000000000000555e-01
1.250000000000000000e-01 0.000000000000000000e+00 2.500000000000000555e-01
1.250000000000000000e-01 0.000000000000000000e+00 2.500000000000000555e-01
1.250000000000000000e-01 0.000000000000000000e+00 2.500000000000000555e-01
