1.000000000000000000e+00 7.500000000000000000e-01 1.000000000000000000e+00
1.000000000000000000e+00 7.500000000000000000e-01 1.000000000000000000e+00
1.000000000000000000e+00 7.500000000000000000e-01 1.000000000000000000e+00
1.000000000000000000e+00 7.500000000000000000e-01 1.000000000000000000e+00
1.000000000000000000e+00 7.500000000000000000e-01 1.000000000000000000e+00
1.000000000000000000e+00 7.500000000000000000e-01 1.000000000000000000e+00
1.000000000000000000e+00 7.500000000000000000e-01 1.000000000000000000e+00
1.000000000000000000e+00 7.500000000000000000e-01 1.000000000000000000e+00
1.000000000000000000e+00 7.500000000000000000e-01 1.000000000000000000e+00
1.000000000000000000e+00 7.500000000000000000e-01 1.000000000000000000e+00
1.000000000000000000e+00 7.500000000000000000e-01 1.000000000000000000e+00
1.000000000000000000e+00 7.500000000000000000e-01 1.000000000000000000e+00
1.000000000000000000e+00 7.500000000000000000e-01 1.000000000000000000e+00
1.000000000000000000e+00 7.500000000000000000e-01 1.000000000000000000e+00
1.000000000000000000e+00 7.500000000000000000e-01 1.000000000000000000e+00
1.000000000000000000e+00 7.500000000000000000e-01 1.000000000000000000e+00
1.000000000000000000e+00 7.500000000000000000e-01 1.000000000000000000e+00
1.000000000000000000e+00 7.500000000000000000e-01 1.000000000000000000e+00
1.000000000000000000e+00 7.500000000000000000e-01 1.000000000000000000e+00
1.000000000000000000e+00 7.500000000000000000e-01 1.000000000000000000e+00
1.000000000000000000e+00 7.500000000000000000e-01 1.000000000000000000e+00
1.000000000000000000e+00 7.500000000000000000e-01 1.000000000000000000e+00
1.000000000000000000e+00 7.500000000000000000e-01 1.000000000000000000e+00
1.000000000000000000e+00 7.500000000000000000e-01 1.000000000000000000e+00
1.000000000000000000e+00 7.500000000000000000e-01 1.000000000000000000e+00
1.000000000000000000e+00 7.500000000000000000e-01 1.000000000000000000e+00
1.000000000000000000e+00 7.500000000000000000e-01 1.000000000000000000e+00
1.000000000000000000e+00 7.500000000000000000e-01 1.000000000000000000e+00
1.000000000000000000e+00 7.500000000000000000e-01 1.000000000000000000e+00
1.000000000000000000e+00 7.500000000000000000e-01 1.000000000000000000e+00
1.000000000000000000e+00 7.500000000000000000e-01 1.000000000000000000e+00
1.000000000000000000e+00 7.500000000000000000e-01 1.000000000000000000e+00
1.000000000000000000e+00 7.500000000000000000e-01 1.000000000000000000e+00
1.000000000000000000e+00 7.500000000000000000e-01 1.000000000000000000e+00
1.000000000000000000e+00 7.500000000000000000e-01 1.000000000000000000e+00
1.000000000000000000e+00 7.500000000000000000e-01 1.000000000000000000e+00
1.000000000000000000e+00 7.500000000000000000e-01 1.000000000000000000e+00
1.000000000000000000e+00 7.500000000000000000e-01 1.000000000000000000e+00
1.000000000000000000e+00 7.500000000000000000e-01 1.000000000000000000e+00
1.000000000000000000e+00 7.500000000000000000e-01 1.000000000000000000e+00
1.000000000000000000e+00 7.500000000000000000e-01 1.000000000000000000e+00
1.000000000000000000e+00 7.500000000000000000e-01 1.000000000000000000e+00
1.000000000000000000e+00 7.500000000000000000e-01 1.000000000000000000e+00
1.000000000000000000e+00 7.500000000000000000e-01 1.000000000000000000e+00
1.000000000000000000e+00 7.500000000000000000e-01 1.000000000000000000e+00
1.000000000000000000e+00 7.500000000000000000e-01 1.000000000000000000e+00
1.000000000000000000e+00 7.500000000000000000e-01 1.000000000000000000e+00
1.000000000000000000e+00 7.500000000000000000e-01 1.000000000000000000e+00
1.000000000000000000e+00 7.500000000000000000e-01 1.000000000000000000e+00
1.000000000000000000e+00 7.500000000000000000e-01 1.000000000000000000e+00
1.000000000000000000e+00 7.500000000000000000e-01 1.000000000000000000e+00
1.000000000000000000e+00 7.500000000000000000e-01 1.000000000000000000e+00
9.999999999999995559e-01 7.500000000000005551e-01 9.999999999999992228e-01
9.999999999999986677e-01 7.500000000000015543e-01 9.999999999999982236e-01
9.999999999999966693e-01 7.500000000000039968e-01 9.999999999999951150e-01
9.999999999999916733e-01 7.500000000000097700e-01 9.999999999999884537e-01
9.999999999999781286e-01 7.500000000000262013e-01 9.999999999999690248e-01
9.999999999999426015e-01 7.500000000000680567e-01 9.999999999999192868e-01
9.999999999998524514e-01 7.500000000001746381e-01 9.999999999997933875e-01
9.999999999996262989e-01 7.500000000004424239e-01 9.999999999994764188e-01
9.999999999990679678e-01 7.500000000011030066e-01 9.999999999986947108e-01
9.999999999977093879e-01 7.500000000027104985e-01 9.999999999967928987e-01
9.999999999944558793e-01 7.500000000065598638e-01 9.999999999922382088e-01
9.999999999867832390e-01 7.500000000156382685e-01 9.999999999814965790e-01
9.999999999689717090e-01 7.500000000367132991e-01 9.999999999565601927e-01
9.999999999282704888e-01 7.500000000848714432e-01 9.999999998995787731e-01
9.999999998367359311e-01 7.500000001931768079e-01 9.999999997714302813e-01
9.999999996341645270e-01 7.500000004328621905e-01 9.999999994878302489e-01
9.999999991930815790e-01 7.500000009547587165e-01 9.999999988703143217e-01
9.999999982482681293e-01 7.500000020726771410e-01 9.999999975475755143e-01
9.999999962576550105e-01 7.500000044280020761e-01 9.999999947607173256e-01
9.999999921331539365e-01 7.500000093081775621e-01 9.999999889864162883e-01
9.999999837303198413e-01 7.500000192505452690e-01 9.999999772224480443e-01
9.999999669007380021e-01 7.500000391635752717e-01 9.999999536610340023e-01
9.999999337697781376e-01 7.500000783646567637e-01 9.999999072776915021e-01
9.999998696746988935e-01 7.500001542029814949e-01 9.999998175445854454e-01
9.999997478434797804e-01 7.500002983556391944e-01 9.999996469808978272e-01
9.999995203624537643e-01 7.500005675148752049e-01 9.999993285075285954e-01
9.999991032147211856e-01 7.500010610909265685e-01 9.999987445009306253e-01
9.999983521214538262e-01 7.500019497971364135e-01 9.999976929711044127e-01
9.999970245625657839e-01 7.500035205881873113e-01 9.999958343910309022e-01
9.999947217334065330e-01 7.500062453392914996e-01 9.999926104374464719e-01
9.999908024642828464e-01 7.500108827019750235e-01 9.999871234819877053e-01
9.999842596146966134e-01 7.500186243670935449e-01 9.999779635530410271e-01
9.999735487023831970e-01 7.500312978611556325e-01 9.999629684410518138e-01
9.999563593293703256e-01 7.500516370659207066e-01 9.999389037535445501e-01
9.999293233025446925e-01 7.500836277318143619e-01 9.999010544164158576e-01
9.998876602062597430e-01 7.501329271908324658e-01 9.998427287610321956e-01
9.998247722409733251e-01 7.502073444857253470e-01 9.997546918825310769e-01
9.997318152664843582e-01 7.503173493898981361e-01 9.996245662338224536e-01
9.995972907212646863e-01 7.504765580377024126e-01 9.994362623925791000e-01
9.994067202663672322e-01 7.507021228553636405e-01 9.991695271630971487e-01
9.991424768426468983e-01 7.510149407877734218e-01 9.987997129182364375e-01
9.987838467732218506e-01 7.514395929269223062e-01 9.982978734888336980e-01
9.983073829099882168e-01 7.520039459329357356e-01 9.976312713144899202e-01
9.976875769545855421e-01 7.527383828738545279e-01 9.967643355584887566e-01
9.968978331382543079e-01 7.536746844365598275e-01 9.956600458407467436e-01
9.959116738063025220e-01 7.548446410061273593e-01 9.942816429696499370e-01
9.947040620521055976e-01 7.562785280470408766e-01 9.925945034734732220e-01
9.932526993025937445e-01 7.580036079415141126e-01 9.905679758442585969e-01
9.915391544404776880e-01 7.600428223063182553e-01 9.881769743888969559e-01
9.895497063843874397e-01 7.624138093355183887e-01 9.854031626108502584e-01
9.872758274544594093e-01 7.651283287045671511e-01 9.822356228389647059e-01
9.847142889003529520e-01 7.681921151589862218e-01 9.786709860927901294e-01
9.818669203721096528e-01 7.716051249966473513e-01 9.747130683211165936e-01
9.787400924379427991e-01 7.753620977383116619e-01 9.703721125951966231e-01
9.753440109904819577e-01 7.794533332438683404e-01 9.656637650507201576e-01
9.716919149926072086e-01 7.838655816902798668e-01 9.606079159675032786e-01
9.677992584560459743e-01 7.885829556487496950e-01 9.552275220307636650e-01
9.636829392664318927e-01 7.935877938689569477e-01 9.495474993745555148e-01
9.593606166577897110e-01 7.988614295256408759e-01 9.435937469537959421e-01
9.548501396882749237e-01 8.043848373085128456e-01 9.373923317426022805e-01
9.501690932461487327e-01 8.101391513467199879e-01 9.309688444851756950e-01
9.453344567528589870e-01 8.161060586442393516e-01 9.243479184242442415e-01
9.403623636496837301e-01 8.222680806625791705e-01 9.175528933300158840e-01
9.352679462177054814e-01 8.286087597325502152e-01 9.106056021708548442e-01
9.300652493528135389e-01 8.351127681329825192e-01 9.035262565440197458e-01
9.247671977002256405e-01 8.417659569256040752e-01 8.963334082168431527e-01
9.193856023057878080e-01 8.485553597955368677e-01 8.890439667419250958e-01
9.139311951167312653e-01 8.554691648188211817e-01 8.816732563133736766e-01
9.084136818971174643e-01 8.624966646666802905e-01 8.742350982986643038e-01
9.028418061948463302e-01 8.696281935044002376e-01 8.667419089003477461e-01
8.972234187977217168e-01 8.768550568759633235e-01 8.592048040180916280e-01
8.915655486077198599e-01 8.841694592297486555e-01 8.516337055429600289e-01
8.858744720510598469e-01 8.915644324330681547e-01 8.440374450337978507e-01
8.801557790559417782e-01 8.990337676153906665e-01 8.364238620446119432e-01
8.744144343084012672e-01 9.065719519323151010e-01 8.287998953496671373e-01
8.686548329790958478e-01 9.141741113138527330e-01 8.211716660084972252e-01
8.628808504353385755e-01 9.218359599151388917e-01 8.135445516788222253e-01
8.570958856420534122e-01 9.295537567965399539e-01 8.059232518647343468e-01
8.513028980329687689e-01 9.373242703046934521e-01 7.983118439118508380e-01
8.455044376103100223e-01 9.451447506993363445e-01 7.907138295491344948e-01
8.397026679074758304e-01 9.530129117808108230e-01 7.831321716325320148e-01
8.338993812105165437e-01 9.609269226475841696e-01 7.755693204540431429e-01
8.280960050467298661e-01 9.688854113086359243e-01 7.680272285017811784e-01
8.222935983476716837e-01 9.768874827948926809e-01 7.605073518140976763e-01
8.164928347638539252e-01 9.849327558369317392e-01 7.530106349231857621e-01
8.106939691440844253e-01 9.930214244200340490e-01 7.455374745792213709e-01
8.048967808229942067e-01 1.001154354163057869e+00 7.380876545297806457e-01
7.991004833944075347e-01 1.009333229556486744e+00 7.306602387512385333e-01
7.933035837436749338e-01 1.017560778696710244e+00 7.232534020384114859e-01
7.875036605317724536e-01 1.025841121464008632e+00 7.158641613882521515e-01
7.816970081485622446e-01 1.034180324177923271e+00 7.084879418773878390e-01
7.758780426467115632e-01 1.042587319649858291e+00 7.011178498201827702e-01
7.700382565968069137e-01 1.051075519366282407e+00 6.937433911227609551e-01
7.641642423419566788e-01 1.059665853793813728e+00 6.863480433900190913e-01
7.582335609028655332e-01 1.068393111441012566e+00 6.789041759565800360e-01
7.522047736300356835e-01 1.077321204441446190e+00 6.713607799502144813e-01
7.459872783943441998e-01 1.086589274017497164e+00 6.636063086800320088e-01
7.393004664009915627e-01 1.096625868573189777e+00 6.552954791408723834e-01
7.224457147265166412e-01 1.122256274230391870e+00 6.344765785719378437e-01
7.164918303333518423e-01 1.131422886801788819e+00 6.271695750800186930e-01
7.109592450527939533e-01 1.139995273464312842e+00 6.204015924904690005e-01
7.056188278390653768e-01 1.148320367731838543e+00 6.138888292876387709e-01
7.004026605589944721e-01 1.156500290943171194e+00 6.075467671806389358e-01
6.952810288040405240e-01 1.164579251912126523e+00 6.013381597228106834e-01
6.902384322743850831e-01 1.172579928681561467e+00 5.952433585569313346e-01
6.852660223896636094e-01 1.180514912391558147e+00 5.892509490698398800e-01
6.803585667233972289e-01 1.188391287092950055e+00 5.833539861201626486e-01
6.755130359488952241e-01 1.196212751463412216e+00 5.775482379358098939e-01
6.707278798340243764e-01 1.203980696780678761e+00 5.718312830089328225e-01
6.660026341175346865e-01 1.211694783021943111e+00 5.662020164279817358e-01
6.613377025358853079e-01 1.219353248198544071e+00 5.606603725993279941e-01
6.567342397192427184e-01 1.226953062698532770e+00 5.552071721444091779e-01
6.521940969438195790e-01 1.234489985521945110e+00 5.498440456749921212e-01
6.477198101875614178e-01 1.241958552890297884e+00 5.445734087832549974e-01
6.433146188261459342e-01 1.249352016299241308e+00 5.393984736131330893e-01
6.389825079452382539e-01 1.256662240145963505e+00 5.343232881601520656e-01
6.347282695594993474e-01 1.263879565718616149e+00 5.293527973761471550e-01
6.305575788913414526e-01 1.270992647309839851e+00 5.244929213292929271e-01
6.264770816399649611e-01 1.277988267016642920e+00 5.197506455645443113e-01
6.224944869684899684e-01 1.284851137334657833e+00 5.151341175811486872e-01
6.186186587187040287e-01 1.291563705092972247e+00 5.106527409794855421e-01
6.148596940357210494e-01 1.298105976846006815e+00 5.063172552450579955e-01
6.112289740829373041e-01 1.304455394720716255e+00 5.021397842751806895e-01
6.077391659304777205e-01 1.310586802807153894e+00 4.981338307119670961e-01
6.044041484054197833e-01 1.316472556754856305e+00 4.943141863663693125e-01
6.012388286465196741e-01 1.322082841496226013e+00 4.906967225398584653e-01
5.982588120705835122e-01 1.327386270556018211e+00 4.872980197908214905e-01
5.954798892029040669e-01 1.332350839811618393e+00 4.841347976625576255e-01
5.929173120654296358e-01 1.336945291535886371e+00 4.812231151216495029e-01
5.905848545793687121e-01 1.341140903114325322e+00 4.785773363212402765e-01
5.884936885415205099e-01 1.344913643334261666e+00 4.762088968726186367e-01
5.866511582993153562e-01 1.348246539168183489e+00 4.741249621507059864e-01
5.850595958253514972e-01 1.351131981977186758e+00 4.723271331993525446e-01
5.837153677542550323e-01 1.353573604682254183e+00 4.708104104297697878e-01
5.826083649796574004e-01 1.355587323716045178e+00 4.695626463413176688e-01
5.817221124112303965e-01 1.357201202484410008e+00 4.685646825747511457e-01
5.810345828449421379e-01 1.358453972834361645e+00 4.677912639596629174e-01
5.805196591405362705e-01 1.359392318826380563e+00 4.672126683915428513e-01
5.801490419593259285e-01 1.360067307418331151e+00 4.667968289251825387e-01
5.798942964480506834e-01 1.360530547242789101e+00 4.665116088851224418e-01
5.797287089876421717e-01 1.360830697050898763e+00 4.663268651243506757e-01
5.796286914561277204e-01 1.361010818101595854e+00 4.662160072582213211e-01
5.795745973889133706e-01 1.361106824453046205e+00 4.661569012851145000e-01
5.795509541810699439e-01 1.361147022584408450e+00 4.661321215816113250e-01
5.795462239844857422e-01 1.361152529456860050e+00 4.661286765679922284e-01
5.795522601217690806e-01 1.361138258161638248e+00 4.661373942584692842e-01
5.795636269267078200e-01 1.361114159267203361e+00 4.661521554962804736e-01
5.795769163105850552e-01 1.361086470853445363e+00 4.661691241657813789e-01
5.795901456493337545e-01 1.361058820713269890e+00 4.661860692102299808e-01
5.796022757858640961e-01 1.361033108936344105e+00 4.662018219519251105e-01
5.796128540748152203e-01 1.361010161573055877e+00 4.662158742010102941e-01
5.796217674437823542e-01 1.360990182820835726e+00 4.662281002237896321e-01
5.796290821061764742e-01 1.360973048515730310e+00 4.662385762675174128e-01
5.796349459641071400e-01 1.360958484819184688e+00 4.662474706680536651e-01
5.796395332182412430e-01 1.360946169616993995e+00 4.662549814811836058e-01
5.796430155822209773e-01 1.360935785204795634e+00 4.662613040715578028e-01
5.796455492058565362e-01 1.360927042212450644e+00 4.662666163913715134e-01
5.796472702338868466e-01 1.360919687718450177e+00 4.662710739844043162e-01
5.796482947057135515e-01 1.360913505417084002e+00 4.662748098795225782e-01
5.796487203571765168e-01 1.360908312303287682e+00 4.662779366272012949e-01
5.796486290383285889e-01 1.360903954229253365e+00 4.662805490308404854e-01
5.796480891306339256e-01 1.360900301461249517e+00 4.662827268785410539e-01
5.796471577099513439e-01 1.360897244700661757e+00 4.662845373897468448e-01
5.796458823834267360e-01 1.360894691700540449e+00 4.662860372958635424e-01
5.796443028104322215e-01 1.360892564458804355e+00 4.662872745663667606e-01
5.796424519484623117e-01 1.360890796912915146e+00 4.662882898265764409e-01
5.796403570716028852e-01 1.360889333048535432e+00 4.662891175208754846e-01
5.796380406056852452e-01 1.360888125341092048e+00 4.662897868712150284e-01
5.796355208172179196e-01 1.360887133461958109e+00 4.662903226728897788e-01
5.796328123855493120e-01 1.360886323194912650e+00 4.662907459609968996e-01
5.796299268807437732e-01 1.360885665521235577e+00 4.662910745731813078e-01
5.796268731638374305e-01 1.360885135842368809e+00 4.662913236277751450e-01
5.796236577216949959e-01 1.360884713317113581e+00 4.662915059314943211e-01
5.796202849455364126e-01 1.360884380295976026e+00 4.662916323273756380e-01
5.796167573601730405e-01 1.360884121838849437e+00 4.662917119914603559e-01
5.796130758096836866e-01 1.360883925304394948e+00 4.662917526853720962e-01
5.796092396043074357e-01 1.360883780000950782e+00 4.662917609710473532e-01
5.796052466323767804e-01 1.360883676890140004e+00 4.662917423930539873e-01
5.796010934400461778e-01 1.360883608335665018e+00 4.662917016331061815e-01
5.795967752805023521e-01 1.360883567890806001e+00 4.662916426407770487e-01
5.795922861331292975e-01 1.360883550118776153e+00 4.662915687439967982e-01
5.795876186914488137e-01 1.360883550440604939e+00 4.662914827426159481e-01
5.795827643158770748e-01 1.360883565006089313e+00 4.662913869877798878e-01
5.795777129429425800e-01 1.360883590584427427e+00 4.662912834491937941e-01
5.795724529359973509e-01 1.360883624471747710e+00 4.662911737719950822e-01
5.795669708522911412e-01 1.360883664412495309e+00 4.662910593250974567e-01
5.795612510848243693e-01 1.360883708531364977e+00 4.662909412430540912e-01
5.795552753105670529e-01 1.360883755273213591e+00 4.662908204630027420e-01
5.795490216343794909e-01 1.360883803350275034e+00 4.662906977571251166e-01
5.795424632538264120e-01 1.360883851697790803e+00 4.662905737599239431e-01
5.795355663755651365e-01 1.360883899438804612e+00 4.662904489898681559e-01
5.795282869760471911e-01 1.360883945856987909e+00 4.662903238660907057e-01
5.795205658014346284e-01 1.360883990374128771e+00 4.662901987222256572e-01
5.795123207236859697e-01 1.360884032528709486e+00 4.662900738195699391e-01
5.795034351903488590e-01 1.360884071954754804e+00 4.662899493600847767e-01
5.794937410061992145e-01 1.360884108361656741e+00 4.662898254987917768e-01
5.794829930469774792e-01 1.360884141518584167e+00 4.662897023533626450e-01
5.794708327252174884e-01 1.360884171243877283e+00 4.662895800106371946e-01
5.794567361095184221e-01 1.360884197399056639e+00 4.662894585303208883e-01
5.794399415776284590e-01 1.360884219885857060e+00 4.662893379468296406e-01
5.794193508328522313e-01 1.360884238640280630e+00 4.662892182729856949e-01
5.793933961398104460e-01 1.360884253629217389e+00 4.662890995021620744e-01
5.793598659355024827e-01 1.360884264840265701e+00 4.662889816146358335e-01
5.793156807422084054e-01 1.360884272276417839e+00 4.662888645809959987e-01
5.792566118749762349e-01 1.360884275950585920e+00 4.662887483657014998e-01
5.791769370899648717e-01 1.360884275875159144e+00 4.662886329337593838e-01
5.790690303788430526e-01 1.360884272074921242e+00 4.662885182431221187e-01
5.789228879468550915e-01 1.360884264564636403e+00 4.662884042589051092e-01
5.787255990050439447e-01 1.360884253379183395e+00 4.662882909354029159e-01
5.784607786757673953e-01 1.360884238550449821e+00 4.662881782309631906e-01
5.781079904150496773e-01 1.360884220105953224e+00 4.662880661096320822e-01
5.776421966572231614e-01 1.360884198116794952e+00 4.662879545126208392e-01
5.770332879490986944e-01 1.360884172573821660e+00 4.662878434354408297e-01
5.762457507507037224e-01 1.360884143596527096e+00 4.662877328007724587e-01
5.752385424166374106e-01 1.360884111155394205e+00 4.662876226301798099e-01
5.739652440878119100e-01 1.360884075314357844e+00 4.662875128965398019e-01
5.723745603151901840e-01 1.360884036170984634e+00 4.662874035621226154e-01
5.704112233562008694e-01 1.360883993502320033e+00 4.662872947962543035e-01
5.680173403738074667e-01 1.360883947810118899e+00 4.662871863374039028e-01
5.651341976991417493e-01 1.360883898475748088e+00 4.662870786203646145e-01
5.617044954897001396e-01 1.360883846240296791e+00 4.662869712644779896e-01
5.576749547889291447e-01 1.360883790747713817e+00 4.662868645696874315e-01
5.529991874388184847e-01 1.360883731581391531e+00 4.662867588817989351e-01
5.476406847551318346e-01 1.360883670653142197e+00 4.662866531566495776e-01
5.415757518239369128e-01 1.360883604266814206e+00 4.662865497240026857e-01
5.347961695110740044e-01 1.360883537909950203e+00 4.662864454298126238e-01
5.273114043150456398e-01 1.360883465704994633e+00 4.662863438895591406e-01
5.191501303119974153e-01 1.360883391440366186e+00 4.662862429813794951e-01
5.103609312273248433e-01 1.360883317295723982e+00 4.662861415693511646e-01
5.010120461734455244e-01 1.360883231233218638e+00 4.662860467238065243e-01
4.911900739934045301e-01 1.360883157675865318e+00 4.662859445127099378e-01
4.809977420031074091e-01 1.360883062209156114e+00 4.662858546343913169e-01
4.705506697284519424e-01 1.360882980924175811e+00 4.662857567417192928e-01
4.599734947972671240e-01 1.360882891207039869e+00 4.662856636036660229e-01
4.493953891560271696e-01 1.360882783662153761e+00 4.662855802686106110e-01
4.389453278808083669e-01 1.360882714674994887e+00 4.662854761114210156e-01
4.287474822494281579e-01 1.360882579512242341e+00 4.662854075058966430e-01
4.189166950070289386e-01 1.360882512837988445e+00 4.662853025476254021e-01
4.095548339310555730e-01 1.360882390245216733e+00 4.662852269427338325e-01
4.007475874652454695e-01 1.360882273876198312e+00 4.662851478395234062e-01
3.925623992503596837e-01 1.360882208044991382e+00 4.662850426979228691e-01
3.850473721309323194e-01 1.360882027702904118e+00 4.662849952139998533e-01
3.782309160411184701e-01 1.360881988709695012e+00 4.662848761957286148e-01
3.721227824730231060e-01 1.360881817863914822e+00 4.662848222711003521e-01
3.667153189086835297e-01 1.360881711902897528e+00 4.662847353800313455e-01
3.619858427004016277e-01 1.360881628892802064e+00 4.662846364310525016e-01
3.578991979339777862e-01 1.360881426265091010e+00 4.662845945443531148e-01
3.544104483526412386e-01 1.360881394317991377e+00 4.662844688326766573e-01
3.514680356737259204e-01 1.360881188632868000e+00 4.662844254521814058e-01
3.490162026000321882e-01 1.360881091262583942e+00 4.662843285647441105e-01
3.469977599301201643e-01 1.360880980031503373e+00 4.662842367374014363e-01
3.453561176955305956e-01 1.360880772809267558e+00 4.662841888328418949e-01
3.440369507220732426e-01 1.360880730627770374e+00 4.662840606785079167e-01
3.429897514240247691e-01 1.360880500440541541e+00 4.662840197075411308e-01
3.421684043372053008e-01 1.360880405850388053e+00 4.662839124684821646e-01
3.415319974228824274e-01 1.360880268297949502e+00 4.662838234129666470e-01
3.410448510157226276e-01 1.360880052545659469e+00 4.662837690341133379e-01
3.406764094059658854e-01 1.360880002947816081e+00 4.662836339298490063e-01
3.404011860419984825e-01 1.360879744552057513e+00 4.662835949036395200e-01
3.401980117948035787e-01 1.360879653324581717e+00 4.662834745818891236e-01
3.400498745613289575e-01 1.360879487195129300e+00 4.662833870095153821e-01
3.399431709478605290e-01 1.360879261620751235e+00 4.662833248068051217e-01
3.398671858142991997e-01 1.360879203159427231e+00 4.662831811679200578e-01
3.398137929022887471e-01 1.360878914060909217e+00 4.662831433764851319e-01
3.397766394210123830e-01 1.360878827020600701e+00 4.662830075436251165e-01
3.397511295628614092e-01 1.360878628002546664e+00 4.662829214953300716e-01
3.397338015323776994e-01 1.360878393631688388e+00 4.662828490552265448e-01
3.397221073993391682e-01 1.360878322752798741e+00 4.662826964925508855e-01
3.397143614833855185e-01 1.360878000359952766e+00 4.662826591528547726e-01
3.397091838090136040e-01 1.360877917655544556e+00 4.662825056214391917e-01
3.397057962598903913e-01 1.360877680448427940e+00 4.662824214297183190e-01
3.397035634816308880e-01 1.360877438652640992e+00 4.662823358752004599e-01
3.397020428509586187e-01 1.360877351002556690e+00 4.662821740979729013e-01
3.397010700029060026e-01 1.360876993174454208e+00 4.662821358004802796e-01
3.397003347364425108e-01 1.360876913656108078e+00 4.662819625729782147e-01
3.396998412884913443e-01 1.360876631925020508e+00 4.662818805697008240e-01
3.396994595535157702e-01 1.360876383993231631e+00 4.662817785157120087e-01
3.396991187527034772e-01 1.360876273480002174e+00 4.662816074738306282e-01
3.396988941356526848e-01 1.360875878459429256e+00 4.662815659820167546e-01
3.396986210033932085e-01 1.360875800605442443e+00 4.662813705492324101e-01
3.396984293239276309e-01 1.360875466689984048e+00 4.662812909449445820e-01
3.396982302508928520e-01 1.360875213274536755e+00 4.662811685025918806e-01
3.396980121075126591e-01 1.360875072130888430e+00 4.662809880726351275e-01
3.396978719373719424e-01 1.360874637349053673e+00 4.662809406010547941e-01
3.396976490624709633e-01 1.360874558224406394e+00 4.662807201188217676e-01
3.396975067298401707e-01 1.360874164171970380e+00 4.662806421830595904e-01
3.396973338659890485e-01 1.360873905201968492e+00 4.662804946415346485e-01
3.396971440747182935e-01 1.360873723181637240e+00 4.662803046138384588e-01
3.396970281283545612e-01 1.360873245430956002e+00 4.662802473243641832e-01
3.396968170415953781e-01 1.360873159510831432e+00 4.662799987061652662e-01
3.396966990284341348e-01 1.360872695431984525e+00 4.662799210399250494e-01
3.396965322569091006e-01 1.360872430147495260e+00 4.662797423027669752e-01
3.396963576956731901e-01 1.360872194675901703e+00 4.662795417123334896e-01
3.396962532201177609e-01 1.360871669451590549e+00 4.662794693710286542e-01
3.396960435203437711e-01 1.360871568134132792e+00 4.662791888031715959e-01
3.396959411878371360e-01 1.360871021414228110e+00 4.662791089289062829e-01
3.396957701231180793e-01 1.360870746163176159e+00 4.662788916960925456e-01
3.396956037296873787e-01 1.360870441041489354e+00 4.662786784943279694e-01
3.396955013149003388e-01 1.360869862185345003e+00 4.662785836008473406e-01
3.396952852157175129e-01 1.360869732651581288e+00 4.662782658866492791e-01
3.396951914089909597e-01 1.360869087012123169e+00 4.662781790909142354e-01
3.396950063795473040e-01 1.360868791852329007e+00 4.662779131483901218e-01
3.396948395722340641e-01 1.360868383784866076e+00 4.662776786090985781e-01
3.396947155734798551e-01 1.360867681978090049e+00 4.662775229273864452e-01
3.396944082478762783e-01 1.360867188812363349e+00 4.662770117500956712e-01
3.396939018371539776e-01 1.360864734253994568e+00 4.662761149651508674e-01
3.396914840567059057e-01 1.360855389783211855e+00 4.662715422330232506e-01
3.396795187897955759e-01 1.360806726466705197e+00 4.662486199196115844e-01
3.396164460257878326e-01 1.360549089590102900e+00 4.661274845200131800e-01
3.392809047995521410e-01 1.359179568438727337e+00 4.654828537637281660e-01
3.375110662637292314e-01 1.351928615644000242e+00 4.620848023258439241e-01
3.285922598203880884e-01 1.314799263392611328e+00 4.450224376982296337e-01
2.918299725136649370e-01 1.150225332187279736e+00 3.757913914940557154e-01
2.078922870309266313e-01 6.755288334446503118e-01 2.254181014213241518e-01
1.409353027442828421e-01 1.411799667215676291e-01 1.198459471426163159e-01
1.262489509725772396e-01 1.063209108188024540e-02 1.014108767986273280e-01
1.250761517699773284e-01 6.449480632894322944e-04 1.000853335037510672e-01
1.250045501956872640e-01 3.852456861793854764e-05 1.000050963742705745e-01
1.250002715494906436e-01 2.299050499605694884e-06 1.000003041359819600e-01
1.250000162045344365e-01 1.371941482711032825e-07 1.000000181490805773e-01
1.250000009669914591e-01 8.186940575381420877e-09 1.000000010830304487e-01
1.250000000577043691e-01 4.885489513731699746e-10 1.000000000646289466e-01
1.250000000034434400e-01 2.915382359553970110e-11 1.000000000038566983e-01
1.250000000002054745e-01 1.739709815737852659e-12 1.000000000002301548e-01
1.250000000000122680e-01 1.037185059795416209e-13 1.000000000000137446e-01
1.250000000000007494e-01 6.175260169601887987e-15 1.000000000000008243e-01
1.250000000000000278e-01 3.233120495578177235e-16 1.000000000000000472e-01
1.250000000000000000e-01 0.000000000000000000e+00 1.000000000000000056e-01
1.250000000000000000e-01 0.000000000000000000e+00 1.000000000000000056e-01
1.250000000000000000e-01 0.000000000000000000e+00 1.000000000000000056e-01
1.250000000000000000e-01 0.000000000000000000e+00 1.000000000000000056e-01
1.250000000000000000e-01 0.000000000000000000e+00 1.000000000000000056e-01
1.250000000000000000e-01 0.000000000000000000e+00 1.000000000000000056e-01
1.250000000000000000e-01 0.000000000000000000e+00 1.000000000000000056e-01
1.250000000000000000e-01 0.000000000000000000e+00 1.000000000000000056e-01
1.250000000000000000e-01 0.000000000000000000e+00 1.000000000000000056e-01
1.250000000000000000e-01 0.000000000000000000e+00 1.000000000000000056e-01
1.250000000000000000e-01 0.000000000000000000e+00 1.000000000000000056e-01
1.250000000000000000e-01 0.000000000000000000e+00 1.000000000000000056e-01
1.250000000000000000e-01 0.000000000000000000e+00 1.000000000000000056e-01
1.250000000000000000e-01 0.000000000000000000e+00 1.000000000000000056e-01
1.250000000000000000e-01 0.000000000000000000e+00 1.000000000000000056e-01
1.250000000000000000e-01 0.000000000000000000e+00 1.000000000000000056e-01
1.250000000000000000e-01 0.000000000000000000e+00 1.000000000000000056e-01
1.250000000000000000e-01 0.000000000000000000e+00 1.000000000000000056e-01
1.250000000000000000e-01 0.000000000000000000e+00 1.000000000000000056e-01
1.250000000000000000e-01 0.000000000000000000e+00 1.000000000000000056e-01
1.250000000000000000e-01 0.000000000000000000e+00 1.000000000000000056e-01
1.250000000000000000e-01 0.000000000000000000e+00 1.000000000000000056e-01
1.250000000000000000e-01 0.000000000000000000e+00 1.000000000000000056e-01
1.250000000000000000e-01 0.000000000000000000e+00 1.000000000000000056e-01
1.250000000000000000e-01 0.000000000000000000e+00 1.000000000000000056e-01
1.250000000000000000e-01 0.000000000000000000e+00 1.000000000000000056e-01
1.250000000000000000e-01 0.000000000000000000e+00 1.000000000000000056e-01
1.250000000000000000e-01 0.000000000000000000e+00 1.000000000000000056e-01
1.250000000000000000e-01 0.000000000000000000e+00 1.000000000000000056e-01
1.250000000000000000e-01 0.000000000000000000e+00 1.000000000000000056e-01
1.250000000000000000e-01 0.000000000000000000e+00 1.000000000000000056e-01
1.250000000000000000e-01 0.000000000000000000e+00 1.000000000000000056e-01
1.250000000000000000e-01 0.000000000000000000e+00 1.000000000000000056e-01
1.250000000000000000e-01 0.000000000000000000e+00 1.000000000000000056e-01
1.250000000000000000e-01 0.000000000000000000e+00 1.000000000000000056e-01
1.250000000000000000e-01 0.000000000000000000e+00 1.000000000000000056e-01
1.250000000000000000e-01 0.000000000000000000e+00 1.000000000000000056e-01
1.250000000000000000e-01 0.000000000000000000e+00 1.000000000000000056e-01
1.250000000000000000e-01 0.000000000000000000e+00 1.000000000000000056e-01
1.250000000000000000e-01 0.000000000000000000e+00 1.000000000000000056e-01
1.250000000000000000e-01 0.000000000000000000e+00 1.000000000000000056e-01
1.250000000000000000e-01 0.000000000000000000e+00 1.000000000000000056e-01
1.250000000000000000e-01 0.000000000000000000e+00 1.000000000000000056e-01
1.250000000000000000e-01 0.000000000000000000e+00 1.000000000000000056e-01
1.250000000000000000e-01 0.000000000000000000e+00 1.000000000000000056e-01
1.250000000000000000e-01 0.000000000000000000e+00 1.000000000000000056e-01
1.250000000000000000e-01 0.000000000000000000e+00 1.000000000000000056e-01
1.250000000000000000e-01 0.000000000000000000e+00 1.000000000000000056e-01
1.250000000000000000e-01 0.000000000000000000e+00 1.000000000000000056e-01
1.250000000000000000e-01 0.000000000000000000e+00 1.000000000000000056e-01
1.250000000000000000e-01 0.000000000000000000e+00 1.000000000000000056e-01
1.250000000000000000e-01 0.000000000000000000e+00 1.000000000000000056e-01
1.250000000000000000e-01 0.000000000000000000e+00 1.000000000000000056e-01
1.250000000000000000e-01 0.000000000000000000e+00 1.000000000000000056e-01
1.250000000000000000e-01 0.000000000000000000e+00 1.000000000000000056e-01
1.250000000000000000e-01 0.000000000000000000e+00 1.000000000000000056e-01
1.250000000000000000e-01 0.000000000000000000e+00 1.000000000000000056e-01
1.250000000000000000e-01 0.000000000000000000e+00 1.000000000000000056e-01
1.250000000000000000e-01 0.000000000000000000e+00 1.000000000000000056e-01
1.250000000000000000e-01 0.000000000000000000e+00 1.000000000000000056e-01
1.250000000000000000e-01 0.000000000000000000e+00 1.000000000000000056e-01
1.250000000000000000e-01 0.000000000000000000e+00 1.000000000000000056e-01
1.250000000000000000e-01 0.000000000000000000e+00 1.000000000000000056e-01
1.250000000000000000e-01 0.000000000000000000e+00 1.000000000000000056e-01
1.250000000000000000e-01 0.000000000000000000e+00 1.000000000000000056e-01
1.250000000000000000e-01 0.000000000000000000e+00 1.000000000000000056e-01
1.250000000000000000e-01 0.000000000000000000e+00 1.000000000000000056e-01
1.250000000000000000e-01 0.000000000000000000e+00 1.000000000000000056e-01
1.250000000000000000e-01 0.000000000000000000e+00 1.000000000000000056e-01
1.250000000000000000e-01 0.000000000000000000e+00 1.000000000000000056e-01
1.250000000000000000e-01 0.000000000000000000e+00 1.000000000000000056e-01
1.250000000000000000e-01 0.000000000000000000e+00 1.000000000000000056e-01
1.250000000000000000e-01 0.000000000000000000e+00 1.000000000000000056e-01
1.250000000000000000e-01 0.000000000000000000e+00 1.000000000000000056e-01
1.250000000000000000e-01 0.000000000000000000e+00 1.000000000000000056e-01
1.250000000000000000e-01 0.000000000000000000e+00 1.000000000000000056e-01
1.250000000000000000e-01 0.000000000000000000e+00 1.000000000000000056e-01
1.250000000000000000e-01 0.000000000000000000e+00 1.000000000000000056e-01
1.250000000000000000e-01 0.000000000000000000e+00 1.000000000000000056e-01
1.250000000000000000e-01 0.000000000000000000e+00 1.000000000000000056e-01
1.250000000000000000e-01 0.000000000000000000e+00 1.000000000000000056e-01
1.250000000000000000e-01 0.000000000000000000e+00 1.000000000000000056e-01
1.250000000000000000e-01 0.000000000000000000e+00 1.000000000000000056e-01
1.250000000000000000e-01 0.000000000000000000e+00 1.000000000000000056e-01
1.250000000000000000e-01 0.000000000000000000e+00 1.000000000000000056e-01
1.250000000000000000e-01 0.000000000000000000e+00 1.000000000000000056e-01
1.250000000000000000e-01 0.000000000000000000e+00 1.000000000000000056e-01
1.250000000000000000e-01 0.000000000000000000e+00 1.000000000000000056e-01
1.250000000000000000e-01 0.000000000000000000e+00 1.000000000000000056e-01
1.250000000000000000e-01 0.000000000000000000e+00 1.000000000000000056e-01
1.250000000000000000e-01 0.000000000000000000e+00 1.000000000000000056e-01
1.250000000000000000e-01 0.000000000000000000e+00 1.000000000000000056e-01
1.250000000000000000e-01 0.000000000000000000e+00 1.000000000000000056e-01
1.250000000000000000e-01 0.000000000000000000e+00 1.000000000000000056e-01
1.250000000000000000e-01 0.000000000000000000e+00 1.000000000000000056e-01
1.250000000000000000e-01 0.000000000000000000e+00 1.000000000000000056e-01
1.250000000000000000e-01 0.000000000000000000e+00 1.000000000000000056e-01
1.250000000000000000e-01 0.000000000000000000e+00 1.000000000000000056e-01
1.250000000000000000e-01 0.000000000000000000e+00 1.000000000000000056e-01
1.250000000000000000e-01 0.000000000000000000e+00 1.000000000000000056e-01
1.250000000000000000e-01 0.000000000000000000e+00 1.000000000000000056e-01
1.250000000000000000e-01 0.000000000000000000e+00 1.000000000000000056e-01
1.250000000000000000e-01 0.000000000000000000e+00 1.000000000000000056e-01
1.250000000000000000e-01 0.000000000000000000e+00 1.000000000000000056e-01
1.250000000000000000e-01 0.000000000000000000e+00 1.000000000000000056e-01
1.250000000000000000e-01 0.000000000000000000e+00 1.000000000000000056e-01
1.250000000000000000e-01 0.000000000000000000e+00 1.000000000000000056e-01
1.250000000000000000e-01 0.000000000000000000e+00 1.000000000000000056e-01
1.250000000000000000e-01 0.000000000000000000e+00 1.000000000000000056e-01
1.250000000000000000e-01 0.000000000000000000e+00 1.000000000000000056e-01
1.250000000000000000e-01 0.000000000000000000e+00 1.000000000000000056e-01
1.250000000000000000e-01 0.000000000000000000e+00 1.000000000000000056e-01
1.250000000000000000e-01 0.000000000000000000e+00 1.000000000000000056e-01
1.250000000000000000e-01 0.000000000000000000e+00 1.000000000000000056e-01
1.250000000000000000e-01 0.000000000000000000e+00 1.000000000000000056e-01
1.250000000000000000e-01 0.000000000000000000e+00 1.000000000000000056e-01
1.250000000000000000e-01 0.000000000000000000e+00 1.000000000000000056e-01
1.250000000000000000e-01 0.000000000000000000e+00 1.000000000000000056e-01
1.250000000000000000e-01 0.000000000000000000e+00 1.000000000000000056e-01
1.250000000000000000e-01 0.000000000000000000e+00 1.000000000000000056e-01
1.250000000000000000e-01 0.000000000000000000e+00 1.000000000000000056e-01
