1.000000000000000021e-003
3.000000000000000062e-003
5.000000000000000104e-003
7.000000000000000146e-003
8.999999999999999320e-003
1.099999999999999936e-002
1.299999999999999940e-002
1.499999999999999944e-002
1.700000000000000122e-002
1.900000000000000300e-002
2.100000000000000130e-002
2.299999999999999961e-002
2.500000000000000139e-002
2.700000000000000316e-002
2.900000000000000147e-002
3.099999999999999978e-002
3.300000000000000155e-002
3.500000000000000333e-002
3.700000000000000511e-002
3.899999999999999994e-002
4.100000000000000172e-002
4.300000000000000350e-002
4.499999999999999833e-002
4.700000000000000011e-002
4.900000000000000189e-002
5.100000000000000366e-002
5.300000000000000544e-002
5.500000000000000028e-002
5.700000000000000205e-002
5.900000000000000383e-002
6.099999999999999867e-002
6.300000000000000044e-002
6.500000000000000222e-002
6.700000000000000400e-002
6.900000000000000577e-002
7.100000000000000755e-002
7.300000000000000933e-002
7.499999999999999722e-002
7.699999999999999900e-002
7.900000000000000078e-002
8.100000000000000255e-002
8.300000000000000433e-002
8.500000000000000611e-002
8.700000000000000788e-002
8.899999999999999578e-002
9.099999999999999756e-002
9.299999999999999933e-002
9.500000000000000111e-002
9.700000000000000289e-002
9.900000000000000466e-002
1.010000000000000064e-001
1.030000000000000082e-001
1.050000000000000100e-001
1.069999999999999979e-001
1.089999999999999997e-001
1.110000000000000014e-001
1.130000000000000032e-001
1.150000000000000050e-001
1.170000000000000068e-001
1.190000000000000085e-001
1.209999999999999964e-001
1.229999999999999982e-001
1.250000000000000000e-001
1.270000000000000018e-001
1.290000000000000036e-001
1.310000000000000053e-001
1.330000000000000071e-001
1.350000000000000089e-001
1.370000000000000107e-001
1.390000000000000124e-001
1.410000000000000142e-001
1.430000000000000160e-001
1.450000000000000178e-001
1.469999999999999918e-001
1.489999999999999936e-001
1.509999999999999953e-001
1.529999999999999971e-001
1.549999999999999989e-001
1.570000000000000007e-001
1.590000000000000024e-001
1.610000000000000042e-001
1.630000000000000060e-001
1.650000000000000078e-001
1.670000000000000095e-001
1.690000000000000113e-001
1.710000000000000131e-001
1.730000000000000149e-001
1.750000000000000167e-001
1.769999999999999907e-001
1.789999999999999925e-001
1.809999999999999942e-001
1.829999999999999960e-001
1.849999999999999978e-001
1.869999999999999996e-001
1.890000000000000013e-001
1.910000000000000031e-001
1.930000000000000049e-001
1.950000000000000067e-001
1.970000000000000084e-001
1.990000000000000102e-001
2.010000000000000120e-001
2.030000000000000138e-001
2.050000000000000155e-001
2.070000000000000173e-001
2.090000000000000191e-001
2.109999999999999931e-001
2.129999999999999949e-001
2.149999999999999967e-001
2.169999999999999984e-001
2.190000000000000002e-001
2.210000000000000020e-001
2.230000000000000038e-001
2.250000000000000056e-001
2.270000000000000073e-001
2.290000000000000091e-001
2.310000000000000109e-001
2.330000000000000127e-001
2.350000000000000144e-001
2.370000000000000162e-001
2.390000000000000180e-001
2.409999999999999920e-001
2.429999999999999938e-001
2.449999999999999956e-001
2.469999999999999973e-001
2.489999999999999991e-001
2.510000000000000009e-001
2.530000000000000027e-001
2.550000000000000044e-001
2.570000000000000062e-001
2.590000000000000080e-001
2.610000000000000098e-001
2.630000000000000115e-001
2.650000000000000133e-001
2.670000000000000151e-001
2.690000000000000169e-001
2.710000000000000187e-001
2.730000000000000204e-001
2.750000000000000222e-001
2.770000000000000240e-001
2.790000000000000258e-001
2.810000000000000275e-001
2.830000000000000293e-001
2.850000000000000311e-001
2.870000000000000329e-001
2.890000000000000346e-001
2.909999999999999809e-001
2.929999999999999827e-001
2.949999999999999845e-001
2.969999999999999862e-001
2.989999999999999880e-001
3.009999999999999898e-001
3.029999999999999916e-001
3.049999999999999933e-001
3.069999999999999951e-001
3.089999999999999969e-001
3.109999999999999987e-001
3.130000000000000004e-001
3.150000000000000022e-001
3.170000000000000040e-001
3.190000000000000058e-001
3.210000000000000075e-001
3.230000000000000093e-001
3.250000000000000111e-001
3.270000000000000129e-001
3.290000000000000147e-001
3.310000000000000164e-001
3.330000000000000182e-001
3.350000000000000200e-001
3.370000000000000218e-001
3.390000000000000235e-001
3.410000000000000253e-001
3.430000000000000271e-001
3.450000000000000289e-001
3.470000000000000306e-001
3.490000000000000324e-001
3.510000000000000342e-001
3.529999999999999805e-001
3.549999999999999822e-001
3.569999999999999840e-001
3.589999999999999858e-001
3.609999999999999876e-001
3.629999999999999893e-001
3.649999999999999911e-001
3.669999999999999929e-001
3.689999999999999947e-001
3.709999999999999964e-001
3.729999999999999982e-001
3.750000000000000000e-001
3.770000000000000018e-001
3.790000000000000036e-001
3.810000000000000053e-001
3.830000000000000071e-001
3.850000000000000089e-001
3.870000000000000107e-001
3.890000000000000124e-001
3.910000000000000142e-001
3.930000000000000160e-001
3.950000000000000178e-001
3.970000000000000195e-001
3.990000000000000213e-001
4.010000000000000231e-001
4.030000000000000249e-001
4.050000000000000266e-001
4.070000000000000284e-001
4.090000000000000302e-001
4.110000000000000320e-001
4.130000000000000338e-001
4.150000000000000355e-001
4.170000000000000373e-001
4.189999999999999836e-001
4.209999999999999853e-001
4.229999999999999871e-001
4.249999999999999889e-001
4.269999999999999907e-001
4.289999999999999925e-001
4.309999999999999942e-001
4.329999999999999960e-001
4.349999999999999978e-001
4.369999999999999996e-001
4.390000000000000013e-001
4.410000000000000031e-001
4.430000000000000049e-001
4.450000000000000067e-001
4.470000000000000084e-001
4.490000000000000102e-001
4.510000000000000120e-001
4.530000000000000138e-001
4.550000000000000155e-001
4.570000000000000173e-001
4.590000000000000191e-001
4.610000000000000209e-001
4.630000000000000226e-001
4.650000000000000244e-001
4.670000000000000262e-001
4.690000000000000280e-001
4.710000000000000298e-001
4.730000000000000315e-001
4.750000000000000333e-001
4.770000000000000351e-001
4.790000000000000369e-001
4.809999999999999831e-001
4.829999999999999849e-001
4.849999999999999867e-001
4.869999999999999885e-001
4.889999999999999902e-001
4.909999999999999920e-001
4.929999999999999938e-001
4.949999999999999956e-001
4.969999999999999973e-001
4.989999999999999991e-001
5.010000000000000009e-001
5.030000000000000027e-001
5.050000000000000044e-001
5.070000000000000062e-001
5.090000000000000080e-001
5.110000000000000098e-001
5.130000000000000115e-001
5.150000000000000133e-001
5.170000000000000151e-001
5.190000000000000169e-001
5.210000000000000187e-001
5.230000000000000204e-001
5.250000000000000222e-001
5.270000000000000240e-001
5.290000000000000258e-001
5.310000000000000275e-001
5.330000000000000293e-001
5.350000000000000311e-001
5.370000000000000329e-001
5.390000000000000346e-001
5.410000000000000364e-001
5.430000000000000382e-001
5.450000000000000400e-001
5.470000000000000417e-001
5.490000000000000435e-001
5.510000000000000453e-001
5.530000000000000471e-001
5.550000000000000488e-001
5.570000000000000506e-001
5.590000000000000524e-001
5.610000000000000542e-001
5.630000000000000560e-001
5.650000000000000577e-001
5.670000000000000595e-001
5.690000000000000613e-001
5.710000000000000631e-001
5.730000000000000648e-001
5.750000000000000666e-001
5.770000000000000684e-001
5.789999999999999591e-001
5.809999999999999609e-001
5.829999999999999627e-001
5.849999999999999645e-001
5.869999999999999662e-001
5.889999999999999680e-001
5.909999999999999698e-001
5.929999999999999716e-001
5.949999999999999734e-001
5.969999999999999751e-001
5.989999999999999769e-001
6.009999999999999787e-001
6.029999999999999805e-001
6.049999999999999822e-001
6.069999999999999840e-001
6.089999999999999858e-001
6.109999999999999876e-001
6.129999999999999893e-001
6.149999999999999911e-001
6.169999999999999929e-001
6.189999999999999947e-001
6.209999999999999964e-001
6.229999999999999982e-001
6.250000000000000000e-001
6.270000000000000018e-001
6.290000000000000036e-001
6.310000000000000053e-001
6.330000000000000071e-001
6.350000000000000089e-001
6.370000000000000107e-001
6.390000000000000124e-001
6.410000000000000142e-001
6.430000000000000160e-001
6.450000000000000178e-001
6.470000000000000195e-001
6.490000000000000213e-001
6.510000000000000231e-001
6.530000000000000249e-001
6.550000000000000266e-001
6.570000000000000284e-001
6.590000000000000302e-001
6.610000000000000320e-001
6.630000000000000338e-001
6.650000000000000355e-001
6.670000000000000373e-001
6.690000000000000391e-001
6.710000000000000409e-001
6.730000000000000426e-001
6.750000000000000444e-001
6.770000000000000462e-001
6.790000000000000480e-001
6.810000000000000497e-001
6.830000000000000515e-001
6.850000000000000533e-001
6.870000000000000551e-001
6.890000000000000568e-001
6.910000000000000586e-001
6.930000000000000604e-001
6.950000000000000622e-001
6.970000000000000639e-001
6.990000000000000657e-001
7.010000000000000675e-001
7.030000000000000693e-001
7.049999999999999600e-001
7.069999999999999618e-001
7.089999999999999636e-001
7.109999999999999654e-001
7.129999999999999671e-001
7.149999999999999689e-001
7.169999999999999707e-001
7.189999999999999725e-001
7.209999999999999742e-001
7.229999999999999760e-001
7.249999999999999778e-001
7.269999999999999796e-001
7.289999999999999813e-001
7.309999999999999831e-001
7.329999999999999849e-001
7.349999999999999867e-001
7.369999999999999885e-001
7.389999999999999902e-001
7.409999999999999920e-001
7.429999999999999938e-001
7.449999999999999956e-001
7.469999999999999973e-001
7.489999999999999991e-001
7.510000000000000009e-001
7.530000000000000027e-001
7.550000000000000044e-001
7.570000000000000062e-001
7.590000000000000080e-001
7.610000000000000098e-001
7.630000000000000115e-001
7.650000000000000133e-001
7.670000000000000151e-001
7.690000000000000169e-001
7.710000000000000187e-001
7.730000000000000204e-001
7.750000000000000222e-001
7.770000000000000240e-001
7.790000000000000258e-001
7.810000000000000275e-001
7.830000000000000293e-001
7.850000000000000311e-001
7.870000000000000329e-001
7.890000000000000346e-001
7.910000000000000364e-001
7.930000000000000382e-001
7.950000000000000400e-001
7.970000000000000417e-001
7.990000000000000435e-001
8.010000000000000453e-001
8.030000000000000471e-001
8.050000000000000488e-001
8.070000000000000506e-001
8.090000000000000524e-001
8.110000000000000542e-001
8.130000000000000560e-001
8.150000000000000577e-001
8.170000000000000595e-001
8.190000000000000613e-001
8.210000000000000631e-001
8.230000000000000648e-001
8.250000000000000666e-001
8.270000000000000684e-001
8.290000000000000702e-001
8.310000000000000719e-001
8.330000000000000737e-001
8.349999999999999645e-001
8.369999999999999662e-001
8.389999999999999680e-001
8.409999999999999698e-001
8.429999999999999716e-001
8.449999999999999734e-001
8.469999999999999751e-001
8.489999999999999769e-001
8.509999999999999787e-001
8.529999999999999805e-001
8.549999999999999822e-001
8.569999999999999840e-001
8.589999999999999858e-001
8.609999999999999876e-001
8.629999999999999893e-001
8.649999999999999911e-001
8.669999999999999929e-001
8.689999999999999947e-001
8.709999999999999964e-001
8.729999999999999982e-001
8.750000000000000000e-001
8.770000000000000018e-001
8.790000000000000036e-001
8.810000000000000053e-001
8.830000000000000071e-001
8.850000000000000089e-001
8.870000000000000107e-001
8.890000000000000124e-001
8.910000000000000142e-001
8.930000000000000160e-001
8.950000000000000178e-001
8.970000000000000195e-001
8.990000000000000213e-001
9.010000000000000231e-001
9.030000000000000249e-001
9.050000000000000266e-001
9.070000000000000284e-001
9.090000000000000302e-001
9.110000000000000320e-001
9.130000000000000338e-001
9.150000000000000355e-001
9.170000000000000373e-001
9.190000000000000391e-001
9.210000000000000409e-001
9.230000000000000426e-001
9.250000000000000444e-001
9.270000000000000462e-001
9.290000000000000480e-001
9.310000000000000497e-001
9.330000000000000515e-001
9.350000000000000533e-001
9.370000000000000551e-001
9.390000000000000568e-001
9.410000000000000586e-001
9.430000000000000604e-001
9.450000000000000622e-001
9.470000000000000639e-001
9.490000000000000657e-001
9.510000000000000675e-001
9.530000000000000693e-001
9.550000000000000711e-001
9.570000000000000728e-001
9.590000000000000746e-001
9.609999999999999654e-001
9.629999999999999671e-001
9.649999999999999689e-001
9.669999999999999707e-001
9.689999999999999725e-001
9.709999999999999742e-001
9.729999999999999760e-001
9.749999999999999778e-001
9.769999999999999796e-001
9.789999999999999813e-001
9.809999999999999831e-001
9.829999999999999849e-001
9.849999999999999867e-001
9.869999999999999885e-001
9.889999999999999902e-001
9.909999999999999920e-001
9.929999999999999938e-001
9.949999999999999956e-001
9.969999999999999973e-001
9.989999999999999991e-001
