1.000000000000000000e+000 7.500000000000000000e-001 2.781250000000000444e+000
1.000000000000000000e+000 7.500000000000000000e-001 2.781250000000000444e+000
1.000000000000000000e+000 7.500000000000000000e-001 2.781250000000000444e+000
1.000000000000000000e+000 7.500000000000000000e-001 2.781250000000000444e+000
1.000000000000000000e+000 7.500000000000000000e-001 2.781250000000000444e+000
1.000000000000000000e+000 7.500000000000000000e-001 2.781250000000000444e+000
1.000000000000000000e+000 7.500000000000000000e-001 2.781250000000000444e+000
1.000000000000000000e+000 7.500000000000000000e-001 2.781250000000000444e+000
1.000000000000000000e+000 7.500000000000000000e-001 2.781250000000000444e+000
1.000000000000000000e+000 7.500000000000000000e-001 2.781250000000000444e+000
1.000000000000000000e+000 7.500000000000000000e-001 2.781250000000000444e+000
1.000000000000000000e+000 7.500000000000000000e-001 2.781250000000000444e+000
1.000000000000000000e+000 7.500000000000000000e-001 2.781250000000000444e+000
1.000000000000000000e+000 7.500000000000000000e-001 2.781250000000000444e+000
1.000000000000000000e+000 7.500000000000000000e-001 2.781250000000000444e+000
1.000000000000000000e+000 7.500000000000000000e-001 2.781250000000000444e+000
1.000000000000000000e+000 7.500000000000000000e-001 2.781250000000000444e+000
1.000000000000000000e+000 7.500000000000000000e-001 2.781250000000000444e+000
1.000000000000000000e+000 7.500000000000000000e-001 2.781250000000000444e+000
1.000000000000000000e+000 7.500000000000000000e-001 2.781250000000000444e+000
1.000000000000000000e+000 7.500000000000000000e-001 2.781250000000000444e+000
1.000000000000000000e+000 7.500000000000000000e-001 2.781250000000000444e+000
1.000000000000000000e+000 7.500000000000000000e-001 2.781250000000000444e+000
1.000000000000000000e+000 7.500000000000000000e-001 2.781250000000000444e+000
1.000000000000000000e+000 7.500000000000000000e-001 2.781250000000000444e+000
1.000000000000000000e+000 7.500000000000000000e-001 2.781250000000000444e+000
1.000000000000000000e+000 7.500000000000000000e-001 2.781250000000000444e+000
1.000000000000000000e+000 7.500000000000000000e-001 2.781250000000000444e+000
1.000000000000000000e+000 7.500000000000000000e-001 2.781250000000000444e+000
1.000000000000000000e+000 7.500000000000000000e-001 2.781250000000000444e+000
1.000000000000000000e+000 7.500000000000000000e-001 2.781250000000000444e+000
1.000000000000000000e+000 7.500000000000000000e-001 2.781250000000000444e+000
1.000000000000000000e+000 7.500000000000000000e-001 2.781250000000000444e+000
1.000000000000000000e+000 7.500000000000000000e-001 2.781250000000000444e+000
1.000000000000000000e+000 7.500000000000000000e-001 2.781250000000000444e+000
1.000000000000000000e+000 7.500000000000000000e-001 2.781250000000000444e+000
1.000000000000000000e+000 7.500000000000000000e-001 2.781250000000000444e+000
1.000000000000000000e+000 7.500000000000000000e-001 2.781250000000000444e+000
1.000000000000000000e+000 7.500000000000000000e-001 2.781250000000000444e+000
1.000000000000000000e+000 7.500000000000000000e-001 2.781250000000000444e+000
1.000000000000000000e+000 7.500000000000000000e-001 2.781250000000000444e+000
1.000000000000000000e+000 7.500000000000000000e-001 2.781250000000000444e+000
1.000000000000000000e+000 7.500000000000000000e-001 2.781250000000000444e+000
1.000000000000000000e+000 7.500000000000000000e-001 2.781250000000000444e+000
1.000000000000000000e+000 7.500000000000000000e-001 2.781250000000000444e+000
1.000000000000000000e+000 7.500000000000000000e-001 2.781250000000000444e+000
1.000000000000000000e+000 7.500000000000000000e-001 2.781250000000000444e+000
1.000000000000000000e+000 7.500000000000000000e-001 2.781250000000000444e+000
1.000000000000000000e+000 7.500000000000000000e-001 2.781250000000000444e+000
1.000000000000000000e+000 7.500000000000000000e-001 2.781250000000000444e+000
1.000000000000000000e+000 7.500000000000000000e-001 2.781250000000000444e+000
9.999999999999998890e-001 7.500000000000001110e-001 2.781250000000000444e+000
9.999999999999996669e-001 7.500000000000002220e-001 2.781249999999999556e+000
9.999999999999987788e-001 7.500000000000004441e-001 2.781249999999997335e+000
9.999999999999967804e-001 7.500000000000014433e-001 2.781249999999991562e+000
9.999999999999918954e-001 7.500000000000036637e-001 2.781249999999976907e+000
9.999999999999784617e-001 7.500000000000095479e-001 2.781249999999937828e+000
9.999999999999438227e-001 7.500000000000245359e-001 2.781249999999837463e+000
9.999999999998554490e-001 7.500000000000626166e-001 2.781249999999582112e+000
9.999999999996344036e-001 7.500000000001585398e-001 2.781249999998942180e+000
9.999999999990881738e-001 7.500000000003950174e-001 2.781249999997361222e+000
9.999999999977597920e-001 7.500000000009705570e-001 2.781249999993517630e+000
9.999999999945782259e-001 7.500000000023488989e-001 2.781249999984310772e+000
9.999999999870757827e-001 7.500000000055989657e-001 2.781249999962599695e+000
9.999999999696600472e-001 7.500000000131439304e-001 2.781249999912201343e+000
9.999999999298651021e-001 7.500000000303836956e-001 2.781249999797041461e+000
9.999999998403722445e-001 7.500000000691534607e-001 2.781249999538063289e+000
9.999999996423252213e-001 7.500000001549503859e-001 2.781249998964947512e+000
9.999999992111037184e-001 7.500000003417625072e-001 2.781249997717061717e+000
9.999999982874250293e-001 7.500000007419149739e-001 2.781249995044085654e+000
9.999999963413434001e-001 7.500000015849885848e-001 2.781249989412441170e+000
9.999999923090721055e-001 7.500000033318326986e-001 2.781249977743700086e+000
9.999999840939572948e-001 7.500000068907509698e-001 2.781249953970489130e+000
9.999999676397773873e-001 7.500000140189638786e-001 2.781249906354758661e+000
9.999999352462622948e-001 7.500000280523487772e-001 2.781249812613176164e+000
9.999998725738550309e-001 7.500000552030253731e-001 2.781249631249393506e+000
9.999997534373468167e-001 7.500001068148238748e-001 2.781249286487683214e+000
9.999995309662855769e-001 7.500002031927029966e-001 2.781248642692635720e+000
9.999991229586031594e-001 7.500003799476808730e-001 2.781247461985070668e+000
9.999983882230397692e-001 7.500006982453287785e-001 2.781245335781281192e+000
9.999970893730122379e-001 7.500012609230323202e-001 2.781241577125815212e+000
9.999948359385704144e-001 7.500022371318626480e-001 2.781235056070392009e+000
9.999909999527099025e-001 7.500038988978882104e-001 2.781223955404493520e+000
9.999845946592623713e-001 7.500066736467655426e-001 2.781205419682161395e+000
9.999741062164965166e-001 7.500112170595499839e-001 2.781175068265860695e+000
9.999572690075775316e-001 7.500185102851608665e-001 2.781126345270082290e+000
9.999307783787456660e-001 7.500299840975928056e-001 2.781049688634115391e+000
9.998899412904348472e-001 7.500476696106327390e-001 2.780931519948637742e+000
9.998282761639999405e-001 7.500743703314464161e-001 2.780753088097408732e+000
9.997370880432993046e-001 7.501138436617696970e-001 2.780489243012720824e+000
9.996050626755403901e-001 7.501709720295600681e-001 2.780107266873785399e+000
9.994179401858253042e-001 7.502518960028804473e-001 2.779565940006833102e+000
9.991583410044174718e-001 7.503640761111870505e-001 2.778815053949279079e+000
9.988058181235092148e-001 7.505162492263272034e-001 2.777795588536723592e+000
9.983371959274476293e-001 7.507182515176635818e-001 2.776440729594066514e+000
9.977272249709391305e-001 7.509806942266483709e-001 2.774677813374466506e+000
9.969495370850567362e-001 7.513144996824407951e-001 2.772431151557188667e+000
9.959778341535578949e-001 7.517303294675841130e-001 2.769625539958638694e+000
9.947871985071689016e-001 7.522379588966368047e-001 2.766190119560889116e+000
9.933553849746744602e-001 7.528456661033291475e-001 2.762062175242666395e+000
9.916639521220558251e-001 7.535597058322753838e-001 2.757190449582256342e+000
9.896991141573923123e-001 7.543839265664989968e-001 2.751537619909025345e+000
9.874522391801303645e-001 7.553195676513043688e-001 2.745081718344104083e+000
9.849199727765605150e-001 7.563652460623595530e-001 2.737816433842685360e+000
9.821040162339735868e-001 7.575171166651526455e-001 2.729750385752882202e+000
9.790106263551906496e-001 7.587691703007213295e-001 2.720905571424151681e+000
9.756499242967118235e-001 7.601136234673256942e-001 2.711315251555325823e+000
9.720351042550917642e-001 7.615413517931971521e-001 2.701021546778841209e+000
9.681816229622708381e-001 7.630423249966807875e-001 2.690072988740153992e+000
9.641064331651947317e-001 7.646060107717671528e-001 2.678522214790326927e+000
9.598273037271878305e-001 7.662217262227947190e-001 2.666423933035001248e+000
9.553622496241519491e-001 7.678789259567876391e-001 2.653833225793728268e+000
9.507290792476745800e-001 7.695674244502667127e-001 2.640804211588005934e+000
9.459450549651147178e-001 7.712775563592210171e-001 2.627389051289171107e+000
9.410266556963273743e-001 7.730002821269384983e-001 2.613637262592888089e+000
9.359894266456810774e-001 7.747272479755830110e-001 2.599595296368474973e+000
9.308479003631163762e-001 7.764508096695911243e-001 2.585306325845449393e+000
9.256155741139474591e-001 7.781640288176442377e-001 2.570810202327777461e+000
9.203049303812996795e-001 7.798606493506855530e-001 2.556143536924512460e+000
9.149274896692058956e-001 7.815350604802969725e-001 2.541339875008470361e+000
9.094938872666010754e-001 7.831822511040575918e-001 2.526429937688321026e+000
9.040139680770329367e-001 7.847977593968852306e-001 2.511441911904350732e+000
8.984968959407785283e-001 7.863776202626612255e-001 2.496401777596718219e+000
8.929512760902962309e-001 7.879183124302221453e-001 2.481333666774804936e+000
8.873852915707041156e-001 7.894167062485336617e-001 2.466260255460516859e+000
8.818068567670923619e-001 7.908700126401334574e-001 2.451203195768802523e+000
8.762237938121827385e-001 7.922757331756433707e-001 2.436183602359135669e+000
8.706440408730278246e-001 7.936316107989039859e-001 2.421222615849639048e+000
8.650759054938912396e-001 7.949355803256438202e-001 2.406342076454070611e+000
8.595283817713876839e-001 7.961857174246453894e-001 2.391565355266300763e+000
8.540115577359216337e-001 7.973801843419169311e-001 2.376918409730841120e+000
8.485371495446649703e-001 7.985171701360300744e-001 2.362431155477673350e+000
8.431192124225863616e-001 7.995948226908538015e-001 2.348139279993640027e+000
8.377750943796568039e-001 8.006111693969681919e-001 2.334086663609216572e+000
8.325267148365760317e-001 8.015640235094001476e-001 2.320328612936618740e+000
8.274022575750129560e-001 8.024508746438873130e-001 2.306936128746510661e+000
8.224383432192786669e-001 8.032687664788455972e-001 2.294001366950880971e+000
8.176826397543892622e-001 8.040141760673985560e-001 2.281644179198470290e+000
8.131965797802724882e-001 8.046829335692506913e-001 2.270018885285535859e+000
8.090572181635428128e-001 8.052702677355139116e-001 2.259318825767735017e+000
8.053561270001454719e-001 8.057711374216541822e-001 2.249773378321548112e+000
8.021917585006365092e-001 8.061810948071077565e-001 2.241628433904617967e+000
7.996511833695973959e-001 8.064979300593655420e-001 2.235100032007000248e+000
7.977805936540169895e-001 8.067240568563901482e-001 2.230299673773799896e+000
7.965542169852312115e-001 8.068688070119022226e-001 2.227155778873213254e+000
7.958632323199655856e-001 8.069488517666589811e-001 2.225385995242830095e+000
7.955428249443743383e-001 8.069852008814906164e-001 2.224566376326032824e+000
7.954275073009250407e-001 8.069976438330207502e-001 2.224272376860430889e+000
7.953981672312712137e-001 8.070001015039688363e-001 2.224198703300493740e+000
7.953935812137908901e-001 8.069996768605834925e-001 2.224188480402415014e+000
6.622556522950445723e-001 8.069982165940698948e-001 1.894984878646237769e+000
6.622491237702009537e-001 8.069967436683118667e-001 1.894970205031311972e+000
6.622422549553669269e-001 8.069952175623108515e-001 1.894954734182422884e+000
6.622296682245729649e-001 8.069929428301887420e-001 1.894925659202524981e+000
6.621921750630873627e-001 8.069874369519132173e-001 1.894837282465963613e+000
6.620846224063076102e-001 8.069728450931104025e-001 1.894582079199310432e+000
6.618279506445124971e-001 8.069388411720761489e-001 1.893971826769254907e+000
6.613163121022994639e-001 8.068713215620073598e-001 1.892754694693563389e+000
6.604420952788859767e-001 8.067552033399189026e-001 1.890675103034374249e+000
6.591270085173209781e-001 8.065779635246588253e-001 1.887548030635841423e+000
6.573415781550518977e-001 8.063320059088709968e-001 1.883305527034969451e+000
6.551049278167271339e-001 8.060150173969389265e-001 1.877995934892203289e+000
6.524703137674620068e-001 8.056288432159417479e-001 1.871748979328941020e+000
6.495071560614993356e-001 8.051778947172925083e-001 1.864732533573765449e+000
6.462869850786570058e-001 8.046677977570548812e-001 1.857118881310066749e+000
6.428753765163730538e-001 8.041045182445012429e-001 1.849065426241751631e+000
6.393287592116738693e-001 8.034939148563238209e-001 1.840707129846361312e+000
6.356941774571249759e-001 8.028415808090483274e-001 1.832156039486005694e+000
6.320104579728461625e-001 8.021528500345398438e-001 1.823504169403223685e+000
6.283098378420174379e-001 8.014328836457303984e-001 1.814827464682646108e+000
6.246195803643376232e-001 8.006867880792184478e-001 1.806189714795616741e+000
6.209633867686858988e-001 7.999197394682419082e-001 1.797645960408110533e+000
6.173625528012047781e-001 7.991371014672128403e-001 1.789245276227831472e+000
6.138368778537306447e-001 7.983445293976945134e-001 1.781032953201186375e+000
6.104053503791772028e-001 7.975480549896843963e-001 1.773052141741529475e+000
6.070866297289774227e-001 7.967541449522274055e-001 1.765345009049751779e+000
6.038993332217398313e-001 7.959697242783592142e-001 1.757953436741507502e+000
6.008621244969872821e-001 7.952021524733785540e-001 1.750919254856669216e+000
5.979935889599879983e-001 7.944591387636095181e-001 1.744283984052753311e+000
5.953118778326264016e-001 7.937485820427787608e-001 1.738088047219181087e+000
5.928341077042634799e-001 7.930783244047792113e-001 1.732369423251767016e+000
5.905755212426140321e-001 7.924558152273618594e-001 1.727161757647120544e+000
5.885484492522646827e-001 7.918876969930218612e-001 1.722492022251657540e+000
5.867611632243323605e-001 7.913793438877090303e-001 1.718377926926440979e+000
5.852167631328099029e-001 7.909344065743628693e-001 1.714825411542933109e+000
5.839122917904246979e-001 7.905544350945942211e-001 1.711826652120052694e+000
5.828382829668620202e-001 7.902386581393512355e-001 1.709359051119339279e+000
5.819789154359940042e-001 7.899839833962267743e-001 1.707385602881884346e+000
5.813128515573597888e-001 7.897852481486711262e-001 1.705856813339228228e+000
5.808147018938540906e-001 7.896356984298807946e-001 1.704714041993725671e+000
5.804569149891140034e-001 7.895276238212639575e-001 1.703893810289181410e+000
5.802117922949223683e-001 7.894530411247560053e-001 1.703332394171034547e+000
5.800533088585015928e-001 7.894043156467683842e-001 1.702969973376544432e+000
5.799584865471888451e-001 7.893746340117274718e-001 1.702753759715259330e+000
5.799081905755675281e-001 7.893582861149072150e-001 1.702639808732725690e+000
5.798873556022413611e-001 7.893507595952509170e-001 1.702593528324792382e+000
5.798847523526521330e-001 7.893486842240023948e-001 1.702589137298459621e+000
5.798924576586390600e-001 7.893496795495344998e-001 1.702608446044016288e+000
5.799051914417047149e-001 7.893521584144231884e-001 1.702639333349194928e+000
5.799196503783988765e-001 7.893551275629289155e-001 1.702674216326882206e+000
5.799339206352950304e-001 7.893580112930235204e-001 1.702708702135710794e+000
5.799470075480496201e-001 7.893605100660704421e-001 1.702740508243103079e+000
5.799584871684624332e-001 7.893624957376055296e-001 1.702768662468090000e+000
5.799682651441036008e-001 7.893639390776400200e-001 1.702792949422644808e+000
5.799764202184879425e-001 7.893648627456858469e-001 1.702813551215161869e+000
5.799831090054092808e-001 7.893653126894263350e-001 1.702830828824528631e+000
5.799885120444114861e-001 7.893653419491830636e-001 1.702845198249164138e+000
5.799928058847969581e-001 7.893650022805607236e-001 1.702857066415830012e+000
5.799961505328281586e-001 7.893643403895269639e-001 1.702866802362887455e+000
5.799986853316674296e-001 7.893633966978736982e-001 1.702874727786448661e+000
5.800005290639546063e-001 7.893622053746938150e-001 1.702881117282986301e+000
5.800017818866467501e-001 7.893607949161154380e-001 1.702886202799656745e+000
5.800025278395504191e-001 7.893591888953525038e-001 1.702890179402118065e+000
5.800028373266152837e-001 7.893574067026075669e-001 1.702893210979678829e+000
5.800027693254264927e-001 7.893554642014474210e-001 1.702895435326131190e+000
5.800023732586296887e-001 7.893533742819488497e-001 1.702896968444304937e+000
5.800016905411735646e-001 7.893511473151101354e-001 1.702897908106709046e+000
5.800007558470740010e-001 7.893487915220203099e-001 1.702898336773233545e+000
5.799995981454848515e-001 7.893463132730486054e-001 1.702898323980855277e+000
5.799982415518231127e-001 7.893437173309446608e-001 1.702897928310855846e+000
5.799967060321239432e-001 7.893410070492630215e-001 1.702897199021475183e+000
5.799950079906558420e-001 7.893381845349022319e-001 1.702896177415038403e+000
5.799931607634324360e-001 7.893352507811957075e-001 1.702894897991521717e+000
5.799911750342326977e-001 7.893322057761301691e-001 1.702893389426700432e+000
5.799890591852556732e-001 7.893290485889171704e-001 1.702891675402836036e+000
5.799868195915107716e-001 7.893257774372490765e-001 1.702889775313054965e+000
5.799844608661320899e-001 7.893223897369878728e-001 1.702887704856364648e+000
5.799819860625861079e-001 7.893188821356269536e-001 1.702885476537620457e+000
5.799793968387940701e-001 7.893152505304723565e-001 1.702883100084783941e+000
5.799766935873053031e-001 7.893114900720270555e-001 1.702880582794023212e+000
5.799738755347995101e-001 7.893075951525042599e-001 1.702877929811621893e+000
5.799709408133472133e-001 7.893035593786380533e-001 1.702875144360337822e+000
5.799678865047619425e-001 7.892993755268128409e-001 1.702872227916358838e+000
5.799647086575882016e-001 7.892950354766291587e-001 1.702869180340670807e+000
5.799614022733813323e-001 7.892905301158467113e-001 1.702865999964976451e+000
5.799579612546637009e-001 7.892858492044799723e-001 1.702862683627518470e+000
5.799543783005910447e-001 7.892809811774330608e-001 1.702859226647951640e+000
5.799506447263365061e-001 7.892759128513532341e-001 1.702855622721191953e+000
5.799467501656234703e-001 7.892706289790271112e-001 1.702851863694575751e+000
5.799426820890792866e-001 7.892651115588594779e-001 1.702847939167036806e+000
5.799384250295601673e-001 7.892593387510045133e-001 1.702843835809890294e+000
5.799339593426540151e-001 7.892532831660165060e-001 1.702839536250550623e+000
5.799292592366120935e-001 7.892469091632319245e-001 1.702835017274530571e+000
5.799242896670506742e-001 7.892401686067872513e-001 1.702830246972759642e+000
5.799190014916495439e-001 7.892329942553206745e-001 1.702825180275313155e+000
5.799133239998616185e-001 7.892252895811190383e-001 1.702819752051764057e+000
5.799071535519001452e-001 7.892169132972362000e-001 1.702813866604566018e+000
5.799003365608332849e-001 7.892076561888256014e-001 1.702807381920003138e+000
5.798926444111770495e-001 7.891972069731093553e-001 1.702800086448442052e+000
5.798837371213241276e-001 7.891851028406349222e-001 1.702791665460259729e+000
5.798731116290860577e-001 7.891706590688513101e-001 1.702781653162553477e+000
5.798600295470218713e-001 7.891528706954040739e-001 1.702769365803290080e+000
5.798434181714499092e-001 7.891302777907672761e-001 1.702753810007189506e+000
5.798217375449691291e-001 7.891007845361195372e-001 1.702733559669121766e+000
5.797928056624300774e-001 7.890614213359309348e-001 1.702706594086769165e+000
5.797535736728219868e-001 7.890080388820633894e-001 1.702670089780774054e+000
5.796998434899980346e-001 7.889349238393108532e-001 1.702620158982065757e+000
5.796259218786466993e-001 7.888343280734665397e-001 1.702551529296191246e+000
5.795242081499176745e-001 7.886959075382241613e-001 1.702457161870022828e+000
5.793847174541100209e-001 7.885060734923639014e-001 1.702327809944391035e+000
5.791945482871538875e-001 7.882472678242682385e-001 1.702151525707551460e+000
5.789373115430026528e-001 7.878971860132266691e-001 1.701913131575948146e+000
5.785925486149826602e-001 7.874279852011319969e-001 1.701593681315768825e+000
5.781351774275484967e-001 7.868055303051822991e-001 1.701169946992456161e+000
5.775350169232766895e-001 7.859887468050429371e-001 1.700613978703351625e+000
5.767564505258806484e-001 7.849291628555430389e-001 1.699892792769531535e+000
5.757582974922836883e-001 7.835707340489069805e-001 1.698968252804809120e+000
5.744939633495163012e-001 7.818500482910734073e-001 1.697797208852973805e+000
5.729119387041798905e-001 7.796970046202070792e-001 1.696331959365587227e+000
5.709567048117097920e-001 7.770360454330553779e-001 1.694521090089130988e+000
5.685700845178814911e-001 7.737879956166425766e-001 1.692310724374063602e+000
5.656930529334930347e-001 7.698725257178606896e-001 1.689646201372154932e+000
5.622679812672196631e-001 7.652112070506427166e-001 1.686474152159768369e+000
5.582412556028759631e-001 7.597310743104406239e-001 1.682744926741287950e+000
5.535661607099895409e-001 7.533685508570678868e-001 1.678415263891170239e+000
5.482058841424028994e-001 7.460735384164990380e-001 1.673451071370286813e+000
5.421364666073348326e-001 7.378134280007898615e-001 1.667830164121320013e+000
5.353494797894167156e-001 7.285767522494333015e-001 1.661544733134840302e+000
5.278542503838143940e-001 7.183762011505311351e-001 1.654603420360748922e+000
5.196793938276452751e-001 7.072507206137572666e-001 1.647032723355706052e+000
5.108735244754212257e-001 6.952664729174624636e-001 1.638877661275119912e+000
5.015050051953933163e-001 6.825164896645568025e-001 1.630201552475677440e+000
4.916606509741447972e-001 6.691189327980179291e-001 1.621084776154505080e+000
4.814434914755245654e-001 6.552140022884211934e-001 1.611622771454633618e+000
4.709695244050950413e-001 6.409595812399913051e-001 1.601922934077827154e+000
4.603638265560310860e-001 6.265258803567883561e-001 1.592101111485726417e+000
4.497560520388909633e-001 6.120893468161319184e-001 1.582277379884158952e+000
4.392756815305725038e-001 5.978262207159517061e-001 1.572571606006450740e+000
4.290473943372627996e-001 5.839061365055263630e-001 1.563099330182578628e+000
4.191865236527810845e-001 5.704861135983007037e-001 1.553967259225587094e+000
4.097953918930536399e-001 5.577053531538982423e-001 1.545270243566433388e+000
4.009600905093854140e-001 5.456810466683965632e-001 1.537087963710898064e+000
3.927484030991271746e-001 5.345054603253206471e-001 1.529483159385855551e+000
3.852087013581501074e-001 5.242443600699534523e-001 1.522500747428347179e+000
3.783695893385584652e-001 5.149367732664147379e-001 1.516167029330904636e+000
3.722409385462467912e-001 5.065960296116531758e-001 1.510491346724468498e+000
3.668151456342331751e-001 4.992118560837434660e-001 1.505466513870413525e+000
3.620695141044775189e-001 4.927533475679777841e-001 1.501071542900735079e+000
3.579688192483544418e-001 4.871725144111986872e-001 1.497273915498147145e+000
3.544680121361370451e-001 4.824081519763755987e-001 1.494031702716113186e+000
3.515153888723324682e-001 4.783897713650668848e-001 1.491297272223347070e+000
3.490550233277385228e-001 4.750413609984637242e-001 1.489018627611785828e+000
3.470295457178862453e-001 4.722848004832485014e-001 1.487142729151540888e+000
3.453821809579528113e-001 4.700427947041947441e-001 1.485617056785582868e+000
3.440584225504687010e-001 4.682412540361584052e-001 1.484390945773023995e+000
3.430075911043865555e-001 4.668110850112494048e-001 1.483417717113153733e+000
3.421834120443401073e-001 4.656894226258914693e-001 1.482654284002387968e+000
3.415448309571300634e-001 4.648203325330163005e-001 1.482062756132796588e+000
3.410560423270136421e-001 4.641550741731640395e-001 1.481609999247094800e+000
3.406863823900737609e-001 4.636519994322061966e-001 1.481267441519834804e+000
3.404102734822435639e-001 4.632761708613681861e-001 1.481011664566045161e+000
3.402064706663969207e-001 4.629988039733169414e-001 1.480822724001358504e+000
3.400579009456044521e-001 4.627965804684284201e-001 1.480684983396480803e+000
3.399509115644138157e-001 4.626509256133078951e-001 1.480585787103537276e+000
3.398747491470647808e-001 4.625472814518813425e-001 1.480515015277611646e+000
3.398212577570288717e-001 4.624744130724850466e-001 1.480465399298106499e+000
3.397840616643808542e-001 4.624237911348602070e-001 1.480430724094018213e+000
3.397585487252574588e-001 4.623890314265238777e-001 1.480406944344313969e+000
3.397412443314386521e-001 4.623654319245200095e-001 1.480390786045667317e+000
3.397295919576686640e-001 4.623495804929121378e-001 1.480379740283990442e+000
3.397218996564191906e-001 4.623390334574585259e-001 1.480372536926361837e+000
3.397167827485995661e-001 4.623320736784335971e-001 1.480367541397448639e+000
3.397134605658143625e-001 4.623275042056894657e-001 1.480364313720351710e+000
3.397112951958197180e-001 4.623245086088028644e-001 1.480362154144745812e+000
3.397098431225651916e-001 4.623225366778623835e-001 1.480360539440662260e+000
3.397089390609119852e-001 4.623212194968868705e-001 1.480359619419936434e+000
3.397082721480827461e-001 4.623203205942376104e-001 1.480358713320341968e+000
3.397078469165973891e-001 4.623196821423400382e-001 1.480358170340202228e+000
3.397075324476519498e-001 4.623192071157962157e-001 1.480357698271445699e+000
3.397072584047537980e-001 4.623188343451040128e-001 1.480357159062423822e+000
3.397070998046964330e-001 4.623185229583279821e-001 1.480356922885711635e+000
3.397068918145392802e-001 4.623182532923530985e-001 1.480356406116885903e+000
3.397067650181715970e-001 4.623180075936262345e-001 1.480356140867260750e+000
3.397066300400111705e-001 4.623177794178013333e-001 1.480355801677928573e+000
3.397064758954388419e-001 4.623175637801661408e-001 1.480355357138801065e+000
3.397063992722434422e-001 4.623173550042036228e-001 1.480355185405933582e+000
3.397062394785642092e-001 4.623171551193359652e-001 1.480354672803455118e+000
3.397061602653607126e-001 4.623169586145278731e-001 1.480354451295554652e+000
3.397060499320943006e-001 4.623167673438334235e-001 1.480354093226695866e+000
3.397059230167592814e-001 4.623165801809928643e-001 1.480353655690199499e+000
3.397058698414809341e-001 4.623163942034249629e-001 1.480353486787357564e+000
3.397057215294221333e-001 4.623162131278445441e-001 1.480352938124066764e+000
3.397056667008056530e-001 4.623160316556756411e-001 1.480352735328359204e+000
3.397055627658366883e-001 4.623158529074614109e-001 1.480352330823737406e+000
3.397054516844462135e-001 4.623156753450677892e-001 1.480351886325931288e+000
3.397054107684285840e-001 4.623154965459131405e-001 1.480351699363670281e+000
3.397052650664924012e-001 4.623153204864636212e-001 1.480351097746400280e+000
3.397052275043983549e-001 4.623151413178795410e-001 1.480350900142915149e+000
3.397051212345839621e-001 4.623149630674631694e-001 1.480350426943369158e+000
3.397050206655524152e-001 4.623147833913017202e-001 1.480349964253254047e+000
3.397049842831068589e-001 4.623146003368603929e-001 1.480349736903903368e+000
3.397048350232204639e-001 4.623144178833716311e-001 1.480349064217574728e+000
3.397048091126818603e-001 4.623142293808787939e-001 1.480348853869286163e+000
3.397046923595755108e-001 4.623140388175978055e-001 1.480348281110044351e+000
3.397045953736552715e-001 4.623138378793633096e-001 1.480347764092692309e+000
3.397045416824338582e-001 4.623135988305502875e-001 1.480347356752918175e+000
3.397043059379322716e-001 4.623131848604621341e-001 1.480345999379932609e+000
3.397038726777124595e-001 4.623118381577408509e-001 1.480342601023988625e+000
3.397015302220003363e-001 4.623055575804065898e-001 1.480325078311931275e+000
3.396896496327931891e-001 4.622729521763554450e-001 1.480234734444182854e+000
3.396267008927036923e-001 4.620999382721339144e-001 1.479755264255186331e+000
3.392914864324319546e-001 4.611796130620712253e-001 1.477203541409810583e+000
3.375229982440957066e-001 4.563303373184416367e-001 1.463765780462245703e+000
3.286101632537671846e-001 4.320876515566658971e-001 1.396733063371550232e+000
2.918658040838894019e-001 3.357661812789410338e-001 1.132792927510542835e+000
2.079367158943947469e-001 1.405317872717942451e-001 6.112285916264558194e-001
1.409507860938572776e-001 1.991923536976126022e-002 3.010751972844865065e-001
1.262503688226452037e-001 1.343838327791760292e-003 2.535383850191290089e-001
1.250762329483559310e-001 8.075369835643259606e-005 2.502135873650295217e-001
1.250045546219961667e-001 4.820431276142531924e-006 2.500127534230570658e-001
1.250002717878715974e-001 2.876342171077345834e-007 2.500007610077547571e-001
1.250000162172145712e-001 1.716269017218267377e-008 2.500000454082070833e-001
1.250000009676555945e-001 1.024070409113766475e-009 2.500000027094356758e-001
1.250000000577384529e-001 6.110468555820082336e-011 2.500000001616678458e-001
1.250000000034451331e-001 3.646025713483133556e-012 2.500000000096465058e-001
1.250000000002055855e-001 2.175465700081205377e-013 2.500000000005756506e-001
1.250000000000122680e-001 1.297253422164194162e-014 2.500000000000344169e-001
1.250000000000007494e-001 7.678447043474508178e-016 2.500000000000021094e-001
1.250000000000000278e-001 4.041287909510583913e-017 2.500000000000001665e-001
1.250000000000000000e-001 0.000000000000000000e+000 2.500000000000000555e-001
1.250000000000000000e-001 0.000000000000000000e+000 2.500000000000000555e-001
1.250000000000000000e-001 0.000000000000000000e+000 2.500000000000000555e-001
1.250000000000000000e-001 0.000000000000000000e+000 2.500000000000000555e-001
1.250000000000000000e-001 0.000000000000000000e+000 2.500000000000000555e-001
1.250000000000000000e-001 0.000000000000000000e+000 2.500000000000000555e-001
1.250000000000000000e-001 0.000000000000000000e+000 2.500000000000000555e-001
1.250000000000000000e-001 0.000000000000000000e+000 2.500000000000000555e-001
1.250000000000000000e-001 0.000000000000000000e+000 2.500000000000000555e-001
1.250000000000000000e-001 0.000000000000000000e+000 2.500000000000000555e-001
1.250000000000000000e-001 0.000000000000000000e+000 2.500000000000000555e-001
1.250000000000000000e-001 0.000000000000000000e+000 2.500000000000000555e-001
1.250000000000000000e-001 0.000000000000000000e+000 2.500000000000000555e-001
1.250000000000000000e-001 0.000000000000000000e+000 2.500000000000000555e-001
1.250000000000000000e-001 0.000000000000000000e+000 2.500000000000000555e-001
1.250000000000000000e-001 0.000000000000000000e+000 2.500000000000000555e-001
1.250000000000000000e-001 0.000000000000000000e+000 2.500000000000000555e-001
1.250000000000000000e-001 0.000000000000000000e+000 2.500000000000000555e-001
1.250000000000000000e-001 0.000000000000000000e+000 2.500000000000000555e-001
1.250000000000000000e-001 0.000000000000000000e+000 2.500000000000000555e-001
1.250000000000000000e-001 0.000000000000000000e+000 2.500000000000000555e-001
1.250000000000000000e-001 0.000000000000000000e+000 2.500000000000000555e-001
1.250000000000000000e-001 0.000000000000000000e+000 2.500000000000000555e-001
1.250000000000000000e-001 0.000000000000000000e+000 2.500000000000000555e-001
1.250000000000000000e-001 0.000000000000000000e+000 2.500000000000000555e-001
1.250000000000000000e-001 0.000000000000000000e+000 2.500000000000000555e-001
1.250000000000000000e-001 0.000000000000000000e+000 2.500000000000000555e-001
1.250000000000000000e-001 0.000000000000000000e+000 2.500000000000000555e-001
1.250000000000000000e-001 0.000000000000000000e+000 2.500000000000000555e-001
1.250000000000000000e-001 0.000000000000000000e+000 2.500000000000000555e-001
1.250000000000000000e-001 0.000000000000000000e+000 2.500000000000000555e-001
1.250000000000000000e-001 0.000000000000000000e+000 2.500000000000000555e-001
1.250000000000000000e-001 0.000000000000000000e+000 2.500000000000000555e-001
1.250000000000000000e-001 0.000000000000000000e+000 2.500000000000000555e-001
1.250000000000000000e-001 0.000000000000000000e+000 2.500000000000000555e-001
1.250000000000000000e-001 0.000000000000000000e+000 2.500000000000000555e-001
1.250000000000000000e-001 0.000000000000000000e+000 2.500000000000000555e-001
1.250000000000000000e-001 0.000000000000000000e+000 2.500000000000000555e-001
1.250000000000000000e-001 0.000000000000000000e+000 2.500000000000000555e-001
1.250000000000000000e-001 0.000000000000000000e+000 2.500000000000000555e-001
1.250000000000000000e-001 0.000000000000000000e+000 2.500000000000000555e-001
1.250000000000000000e-001 0.000000000000000000e+000 2.500000000000000555e-001
1.250000000000000000e-001 0.000000000000000000e+000 2.500000000000000555e-001
1.250000000000000000e-001 0.000000000000000000e+000 2.500000000000000555e-001
1.250000000000000000e-001 0.000000000000000000e+000 2.500000000000000555e-001
1.250000000000000000e-001 0.000000000000000000e+000 2.500000000000000555e-001
1.250000000000000000e-001 0.000000000000000000e+000 2.500000000000000555e-001
1.250000000000000000e-001 0.000000000000000000e+000 2.500000000000000555e-001
1.250000000000000000e-001 0.000000000000000000e+000 2.500000000000000555e-001
1.250000000000000000e-001 0.000000000000000000e+000 2.500000000000000555e-001
1.250000000000000000e-001 0.000000000000000000e+000 2.500000000000000555e-001
1.250000000000000000e-001 0.000000000000000000e+000 2.500000000000000555e-001
1.250000000000000000e-001 0.000000000000000000e+000 2.500000000000000555e-001
1.250000000000000000e-001 0.000000000000000000e+000 2.500000000000000555e-001
1.250000000000000000e-001 0.000000000000000000e+000 2.500000000000000555e-001
1.250000000000000000e-001 0.000000000000000000e+000 2.500000000000000555e-001
1.250000000000000000e-001 0.000000000000000000e+000 2.500000000000000555e-001
1.250000000000000000e-001 0.000000000000000000e+000 2.500000000000000555e-001
1.250000000000000000e-001 0.000000000000000000e+000 2.500000000000000555e-001
1.250000000000000000e-001 0.000000000000000000e+000 2.500000000000000555e-001
1.250000000000000000e-001 0.000000000000000000e+000 2.500000000000000555e-001
1.250000000000000000e-001 0.000000000000000000e+000 2.500000000000000555e-001
1.250000000000000000e-001 0.000000000000000000e+000 2.500000000000000555e-001
1.250000000000000000e-001 0.000000000000000000e+000 2.500000000000000555e-001
1.250000000000000000e-001 0.000000000000000000e+000 2.500000000000000555e-001
1.250000000000000000e-001 0.000000000000000000e+000 2.500000000000000555e-001
1.250000000000000000e-001 0.000000000000000000e+000 2.500000000000000555e-001
1.250000000000000000e-001 0.000000000000000000e+000 2.500000000000000555e-001
1.250000000000000000e-001 0.000000000000000000e+000 2.500000000000000555e-001
1.250000000000000000e-001 0.000000000000000000e+000 2.500000000000000555e-001
1.250000000000000000e-001 0.000000000000000000e+000 2.500000000000000555e-001
1.250000000000000000e-001 0.000000000000000000e+000 2.500000000000000555e-001
1.250000000000000000e-001 0.000000000000000000e+000 2.500000000000000555e-001
1.250000000000000000e-001 0.000000000000000000e+000 2.500000000000000555e-001
1.250000000000000000e-001 0.000000000000000000e+000 2.500000000000000555e-001
1.250000000000000000e-001 0.000000000000000000e+000 2.500000000000000555e-001
1.250000000000000000e-001 0.000000000000000000e+000 2.500000000000000555e-001
1.250000000000000000e-001 0.000000000000000000e+000 2.500000000000000555e-001
1.250000000000000000e-001 0.000000000000000000e+000 2.500000000000000555e-001
1.250000000000000000e-001 0.000000000000000000e+000 2.500000000000000555e-001
1.250000000000000000e-001 0.000000000000000000e+000 2.500000000000000555e-001
1.250000000000000000e-001 0.000000000000000000e+000 2.500000000000000555e-001
1.250000000000000000e-001 0.000000000000000000e+000 2.500000000000000555e-001
1.250000000000000000e-001 0.000000000000000000e+000 2.500000000000000555e-001
1.250000000000000000e-001 0.000000000000000000e+000 2.500000000000000555e-001
1.250000000000000000e-001 0.000000000000000000e+000 2.500000000000000555e-001
1.250000000000000000e-001 0.000000000000000000e+000 2.500000000000000555e-001
1.250000000000000000e-001 0.000000000000000000e+000 2.500000000000000555e-001
1.250000000000000000e-001 0.000000000000000000e+000 2.500000000000000555e-001
1.250000000000000000e-001 0.000000000000000000e+000 2.500000000000000555e-001
1.250000000000000000e-001 0.000000000000000000e+000 2.500000000000000555e-001
1.250000000000000000e-001 0.000000000000000000e+000 2.500000000000000555e-001
1.250000000000000000e-001 0.000000000000000000e+000 2.500000000000000555e-001
1.250000000000000000e-001 0.000000000000000000e+000 2.500000000000000555e-001
1.250000000000000000e-001 0.000000000000000000e+000 2.500000000000000555e-001
1.250000000000000000e-001 0.000000000000000000e+000 2.500000000000000555e-001
1.250000000000000000e-001 0.000000000000000000e+000 2.500000000000000555e-001
1.250000000000000000e-001 0.000000000000000000e+000 2.500000000000000555e-001
1.250000000000000000e-001 0.000000000000000000e+000 2.500000000000000555e-001
1.250000000000000000e-001 0.000000000000000000e+000 2.500000000000000555e-001
1.250000000000000000e-001 0.000000000000000000e+000 2.500000000000000555e-001
1.250000000000000000e-001 0.000000000000000000e+000 2.500000000000000555e-001
1.250000000000000000e-001 0.000000000000000000e+000 2.500000000000000555e-001
1.250000000000000000e-001 0.000000000000000000e+000 2.500000000000000555e-001
1.250000000000000000e-001 0.000000000000000000e+000 2.500000000000000555e-001
1.250000000000000000e-001 0.000000000000000000e+000 2.500000000000000555e-001
1.250000000000000000e-001 0.000000000000000000e+000 2.500000000000000555e-001
1.250000000000000000e-001 0.000000000000000000e+000 2.500000000000000555e-001
1.250000000000000000e-001 0.000000000000000000e+000 2.500000000000000555e-001
1.250000000000000000e-001 0.000000000000000000e+000 2.500000000000000555e-001
1.250000000000000000e-001 0.000000000000000000e+000 2.500000000000000555e-001
1.250000000000000000e-001 0.000000000000000000e+000 2.500000000000000555e-001
1.250000000000000000e-001 0.000000000000000000e+000 2.500000000000000555e-001
1.250000000000000000e-001 0.000000000000000000e+000 2.500000000000000555e-001
1.250000000000000000e-001 0.000000000000000000e+000 2.500000000000000555e-001
1.250000000000000000e-001 0.000000000000000000e+000 2.500000000000000555e-001
1.250000000000000000e-001 0.000000000000000000e+000 2.500000000000000555e-001
1.250000000000000000e-001 0.000000000000000000e+000 2.500000000000000555e-001
1.250000000000000000e-001 0.000000000000000000e+000 2.500000000000000555e-001
1.250000000000000000e-001 0.000000000000000000e+000 2.500000000000000555e-001
1.250000000000000000e-001 0.000000000000000000e+000 2.500000000000000555e-001
