1.000000000000000000e+000 7.500000000000000000e-001 1.000000000000000000e+000
1.000000000000000000e+000 7.500000000000000000e-001 1.000000000000000000e+000
1.000000000000000000e+000 7.500000000000000000e-001 1.000000000000000000e+000
1.000000000000000000e+000 7.500000000000000000e-001 1.000000000000000000e+000
1.000000000000000000e+000 7.500000000000000000e-001 1.000000000000000000e+000
1.000000000000000000e+000 7.500000000000000000e-001 1.000000000000000000e+000
1.000000000000000000e+000 7.500000000000000000e-001 1.000000000000000000e+000
1.000000000000000000e+000 7.500000000000000000e-001 1.000000000000000000e+000
1.000000000000000000e+000 7.500000000000000000e-001 1.000000000000000000e+000
1.000000000000000000e+000 7.500000000000000000e-001 1.000000000000000000e+000
1.000000000000000000e+000 7.500000000000000000e-001 1.000000000000000000e+000
1.000000000000000000e+000 7.500000000000000000e-001 1.000000000000000000e+000
1.000000000000000000e+000 7.500000000000000000e-001 1.000000000000000000e+000
1.000000000000000000e+000 7.500000000000000000e-001 1.000000000000000000e+000
1.000000000000000000e+000 7.500000000000000000e-001 1.000000000000000000e+000
1.000000000000000000e+000 7.500000000000000000e-001 1.000000000000000000e+000
1.000000000000000000e+000 7.500000000000000000e-001 1.000000000000000000e+000
1.000000000000000000e+000 7.500000000000000000e-001 1.000000000000000000e+000
1.000000000000000000e+000 7.500000000000000000e-001 1.000000000000000000e+000
1.000000000000000000e+000 7.500000000000000000e-001 1.000000000000000000e+000
1.000000000000000000e+000 7.500000000000000000e-001 1.000000000000000000e+000
1.000000000000000000e+000 7.500000000000000000e-001 1.000000000000000000e+000
1.000000000000000000e+000 7.500000000000000000e-001 1.000000000000000000e+000
1.000000000000000000e+000 7.500000000000000000e-001 1.000000000000000000e+000
1.000000000000000000e+000 7.500000000000000000e-001 1.000000000000000000e+000
1.000000000000000000e+000 7.500000000000000000e-001 1.000000000000000000e+000
1.000000000000000000e+000 7.500000000000000000e-001 1.000000000000000000e+000
1.000000000000000000e+000 7.500000000000000000e-001 1.000000000000000000e+000
1.000000000000000000e+000 7.500000000000000000e-001 1.000000000000000000e+000
1.000000000000000000e+000 7.500000000000000000e-001 1.000000000000000000e+000
1.000000000000000000e+000 7.500000000000000000e-001 1.000000000000000000e+000
1.000000000000000000e+000 7.500000000000000000e-001 1.000000000000000000e+000
1.000000000000000000e+000 7.500000000000000000e-001 1.000000000000000000e+000
1.000000000000000000e+000 7.500000000000000000e-001 1.000000000000000000e+000
1.000000000000000000e+000 7.500000000000000000e-001 1.000000000000000000e+000
1.000000000000000000e+000 7.500000000000000000e-001 1.000000000000000000e+000
1.000000000000000000e+000 7.500000000000000000e-001 1.000000000000000000e+000
1.000000000000000000e+000 7.500000000000000000e-001 1.000000000000000000e+000
1.000000000000000000e+000 7.500000000000000000e-001 1.000000000000000000e+000
1.000000000000000000e+000 7.500000000000000000e-001 1.000000000000000000e+000
1.000000000000000000e+000 7.500000000000000000e-001 1.000000000000000000e+000
1.000000000000000000e+000 7.500000000000000000e-001 1.000000000000000000e+000
1.000000000000000000e+000 7.500000000000000000e-001 1.000000000000000000e+000
1.000000000000000000e+000 7.500000000000000000e-001 1.000000000000000000e+000
1.000000000000000000e+000 7.500000000000000000e-001 1.000000000000000000e+000
1.000000000000000000e+000 7.500000000000000000e-001 1.000000000000000000e+000
1.000000000000000000e+000 7.500000000000000000e-001 1.000000000000000000e+000
1.000000000000000000e+000 7.500000000000000000e-001 1.000000000000000000e+000
1.000000000000000000e+000 7.500000000000000000e-001 1.000000000000000000e+000
1.000000000000000000e+000 7.500000000000000000e-001 1.000000000000000000e+000
1.000000000000000000e+000 7.500000000000000000e-001 1.000000000000000000e+000
9.999999999999998890e-001 7.500000000000002220e-001 9.999999999999998890e-001
9.999999999999996669e-001 7.500000000000004441e-001 9.999999999999994449e-001
9.999999999999987788e-001 7.500000000000013323e-001 9.999999999999984457e-001
9.999999999999967804e-001 7.500000000000038858e-001 9.999999999999955591e-001
9.999999999999918954e-001 7.500000000000097700e-001 9.999999999999885647e-001
9.999999999999784617e-001 7.500000000000257572e-001 9.999999999999695799e-001
9.999999999999438227e-001 7.500000000000666134e-001 9.999999999999210631e-001
9.999999999998554490e-001 7.500000000001709743e-001 9.999999999997976063e-001
9.999999999996344036e-001 7.500000000004327649e-001 9.999999999994879651e-001
9.999999999990881738e-001 7.500000000010789147e-001 9.999999999987231325e-001
9.999999999977597920e-001 7.500000000026507685e-001 9.999999999968636200e-001
9.999999999945782259e-001 7.500000000064152017e-001 9.999999999924095162e-001
9.999999999870757827e-001 7.500000000152921009e-001 9.999999999819060292e-001
9.999999999696600472e-001 7.500000000358988395e-001 9.999999999575238663e-001
9.999999999298651021e-001 7.500000000829848412e-001 9.999999999018110985e-001
9.999999998403722445e-001 7.500000001888742496e-001 9.999999997765209869e-001
9.999999996423252213e-001 7.500000004232064699e-001 9.999999994992552210e-001
9.999999992111037184e-001 7.500000009334347739e-001 9.999999988955449171e-001
9.999999982874250293e-001 7.500000020263462019e-001 9.999999976023948856e-001
9.999999963413434001e-001 7.500000043289810625e-001 9.999999948778808267e-001
9.999999923090721055e-001 7.500000091000287306e-001 9.999999892327006146e-001
9.999999840939572948e-001 7.500000188202833318e-001 9.999999777315402572e-001
9.999999676397773873e-001 7.500000382891320871e-001 9.999999546956886975e-001
9.999999352462622948e-001 7.500000766176569966e-001 9.999999093447689003e-001
9.999998725738550309e-001 7.500001507726533623e-001 9.999998216034037268e-001
9.999997534373468167e-001 7.500002917368856492e-001 9.999996548123103457e-001
9.999995309662855769e-001 7.500005549682491335e-001 9.999993433528886477e-001
9.999991229586031594e-001 7.500010377296386643e-001 9.999987721423512221e-001
9.999983882230397692e-001 7.500019070811226873e-001 9.999977435132781922e-001
9.999970893730122379e-001 7.500034439032970957e-001 9.999959251255079451e-001
9.999948359385704144e-001 7.500061102094883747e-001 9.999927703242200705e-001
9.999909999527099025e-001 7.500106490291975625e-001 9.999873999644304234e-001
9.999845946592623713e-001 7.500182279331263357e-001 9.999784326115511712e-001
9.999741062164965166e-001 7.500306381905162967e-001 9.999637489500999843e-001
9.999572690075775316e-001 7.500505606899862121e-001 9.999401772745820649e-001
9.999307783787456660e-001 7.500819059831984603e-001 9.999030914503518330e-001
9.998899412904348472e-001 7.501302279755295288e-001 9.998459220999471597e-001
9.998282761639999405e-001 7.502031981024041007e-001 9.997595969515036263e-001
9.997370880432993046e-001 7.503111094236825096e-001 9.996319471587030714e-001
9.996050626755403901e-001 7.504673596006550262e-001 9.994471410238977560e-001
9.994179401858253042e-001 7.506888418106477667e-001 9.991852306274040529e-001
9.991583410044174718e-001 7.509961587838753783e-001 9.988219138099287964e-001
9.988058181235092148e-001 7.514135736977862745e-001 9.983286160248066032e-001
9.983371959274476293e-001 7.519686280147581670e-001 9.976729771137512470e-001
9.977272249709391305e-001 7.526913924279476920e-001 9.968197844649938633e-001
9.969495370850567362e-001 7.536133693177500259e-001 9.957323303182824548e-001
9.959778341535578949e-001 7.547661239935624655e-001 9.943740985713248604e-001
9.947871985071689016e-001 7.561797739511380012e-001 9.927106218811705407e-001
9.933553849746744602e-001 7.578814968849471034e-001 9.907113100271190964e-001
9.916639521220558251e-001 7.598942204360029651e-001 9.883510467898222185e-001
9.896991141573923123e-001 7.622356287635607686e-001 9.856113866445020966e-001
9.874522391801303645e-001 7.649175703712384200e-001 9.824812456293033902e-001
9.849199727765605150e-001 7.679458910048410081e-001 9.789570569745830175e-001
9.821040162339735868e-001 7.713206586507675988e-001 9.750424340280734459e-001
9.790106263551906496e-001 7.750367052966343762e-001 9.707474370035540367e-001
9.756499242967118235e-001 7.790843872767647671e-001 9.660875693021775401e-001
9.720351042550917642e-001 7.834504622925072548e-001 9.610826338880880115e-001
9.681816229622708381e-001 7.881189922424460814e-001 9.557555658531179388e-001
9.641064331651947317e-001 7.930722008166040116e-001 9.501313315720566477e-001
9.598273037271878305e-001 7.982912376501619667e-001 9.442359551858325872e-001
9.553622496241519491e-001 8.037568223559995451e-001 9.380957052212579583e-001
9.507290792476745800e-001 8.094497593985832129e-001 9.317364513227510692e-001
9.459450549651147178e-001 8.153513275542888517e-001 9.251831846176045149e-001
9.410266556963273743e-001 8.214435557672326027e-001 9.184596849652697514e-001
9.359894266456810774e-001 8.277094013251670157e-001 9.115883132249570364e-001
9.308479003631163762e-001 8.341328474466170873e-001 9.045899053837941350e-001
9.256155741139474591e-001 8.406989365564074834e-001 8.974837466324221413e-001
9.203049303812996795e-001 8.473937535329454374e-001 8.902876061926212614e-001
9.149274896692058956e-001 8.542043706248926282e-001 8.830178171116160879e-001
9.094938872666010754e-001 8.611187629395055110e-001 8.756893888299475126e-001
9.040139680770329367e-001 8.681257006086557926e-001 8.683161438192352755e-001
8.984968959407785283e-001 8.752146210135518523e-001 8.609108728603422911e-001
8.929512760902962309e-001 8.823754817620608204e-001 8.534855066059683359e-001
8.873852915707041156e-001 8.895985923445243193e-001 8.460513040538172325e-001
8.818068567670923619e-001 8.968744193480708837e-001 8.386190616342366067e-001
8.762237938121827385e-001 9.041933565039281806e-001 8.311993500523149336e-001
8.706440408730278246e-001 9.115454462918042289e-001 8.238027901684613630e-001
8.650759054938912396e-001 9.189200338111339628e-001 8.164403845115252301e-001
8.595283817713876839e-001 9.263053254667397152e-001 8.091239280843189885e-001
8.540115577359216337e-001 9.336878138462895160e-001 8.018665316678250665e-001
8.485371495446649703e-001 9.410515150273901508e-001 7.946833036446900866e-001
8.431192124225863616e-001 9.483769446948417947e-001 7.875922530099827013e-001
8.377750943796568039e-001 9.556397352559075076e-001 7.806154962505982287e-001
8.325267148365760317e-001 9.628087714479482973e-001 7.737808706322553132e-001
8.274022575750129560e-001 9.698437093896090655e-001 7.671240649250913313e-001
8.224383432192786669e-001 9.766917764736048335e-001 7.606913470767552310e-001
8.176826397543892622e-001 9.832839013298650954e-001 7.545428325257742541e-001
8.131965797802724882e-001 9.895306418857268138e-001 7.487558701603601596e-001
8.090572181635428128e-001 9.953193045646081538e-001 7.434273217332802997e-001
8.053561270001454719e-001 1.000515312925046585e+000 7.386720789879396287e-001
8.021917585006365092e-001 1.004973045738998483e+000 7.346133195087471979e-001
7.996511833695973959e-001 1.008562166644857649e+000 7.313593528557466028e-001
7.977805936540169895e-001 1.011210429626283602e+000 7.289663134847980119e-001
7.965542169852312115e-001 1.012949011889874074e+000 7.273989193917915763e-001
7.958632323199655856e-001 1.013929050867670378e+000 7.265166214230268649e-001
7.955428249443743383e-001 1.014383104942108371e+000 7.261081197879134530e-001
7.954275073009250407e-001 1.014545808921489156e+000 7.259617352721106087e-001
7.953981672312712137e-001 1.014586322612589298e+000 7.259252282536177159e-001
7.953935812137908901e-001 1.014591638555947917e+000 7.259203672689458209e-001
6.622556522950445723e-001 1.218559953089747960e+000 5.613188096672190319e-001
6.622491237702009537e-001 1.218569741661656103e+000 5.613117193217861400e-001
6.622422549553669269e-001 1.218580076284470515e+000 5.613042349173122947e-001
6.622296682245729649e-001 1.218599802382342334e+000 5.612899755496473242e-001
6.621921750630873627e-001 1.218660484586715498e+000 5.612461727921432830e-001
6.620846224063076102e-001 1.218836411213139348e+000 5.611192543877754346e-001
6.618279506445124971e-001 1.219257724588768577e+000 5.608154476337491312e-001
6.613163121022994639e-001 1.220098925122524269e+000 5.602093114474260283e-001
6.604420952788859767e-001 1.221538131967873753e+000 5.591735924051082218e-001
6.591270085173209781e-001 1.223706437609077380e+000 5.576162829745875404e-001
6.573415781550518977e-001 1.226656022842777860e+000 5.555038085221846167e-001
6.551049278167271339e-001 1.230360180747152921e+000 5.528606174589977273e-001
6.524703137674620068e-001 1.234736395230181971e+000 5.497517409783936326e-001
6.495071560614993356e-001 1.239675170940000015e+000 5.462612045753522105e-001
6.462869850786570058e-001 1.245062667723568550e+000 5.424751855426970248e-001
6.428753765163730538e-001 1.250793773750987548e+000 5.384723855236486223e-001
6.393287592116738693e-001 1.256777367323619554e+000 5.343202585438086016e-001
6.356941774571249759e-001 1.262936816600301215e+000 5.300747777341355826e-001
6.320104579728461625e-001 1.269208190964782546e+000 5.257818742273727697e-001
6.283098378420174379e-001 1.275537697130954440e+000 5.214794149109592825e-001
6.246195803643376232e-001 1.281879104097539912e+000 5.171991534051014749e-001
6.209633867686858988e-001 1.288191472335902477e+000 5.129684267760149519e-001
6.173625528012047781e-001 1.294437276509935675e+000 5.088115398548798129e-001
6.138368778537306447e-001 1.300580916853825153e+000 5.047508492786165757e-001
6.104053503791772028e-001 1.306587588877220929e+000 5.008075786600738599e-001
6.070866297289774227e-001 1.312422487887640488e+000 4.970023921893022001e-001
6.038993332217398313e-001 1.318050344635990800e+000 4.933557408156217239e-001
6.008621244969872821e-001 1.323435310786286179e+000 4.898879803833616764e-001
5.979935889599879983e-001 1.328541230927422490e+000 4.866192491941920828e-001
5.953118778326264016e-001 1.333332344942634196e+000 4.835690872496745119e-001
5.928341077042634799e-001 1.337774453423330900e+000 4.807557849102077618e-001
5.905755212426140321e-001 1.341836542022562861e+000 4.781954688967772760e-001
5.885484492522646827e-001 1.345492793327540459e+000 4.759009710148920935e-001
5.867611632243323605e-001 1.348724819377908224e+000 4.738805782417047086e-001
5.852167631328099029e-001 1.351523839372432922e+000 4.721368234441452039e-001
5.839122917904246979e-001 1.353892435917990023e+000 4.706655268768228373e-001
5.828382829668620202e-001 1.355845491337227759e+000 4.694553161040115330e-001
5.819789154359940042e-001 1.357409972154067113e+000 4.684878137719474256e-001
5.813128515573597888e-001 1.358623409120933268e+000 4.677385800730572418e-001
5.808147018938540906e-001 1.359531182415195660e+000 4.671787458447652086e-001
5.804569149891140034e-001 1.360182992799854773e+000 4.667771148621995270e-001
5.802117922949223683e-001 1.360629086841234070e+000 4.665024035784913203e-001
5.800533088585015928e-001 1.360916839178545112e+000 4.663252641338371807e-001
5.799584865471888451e-001 1.361088168070973214e+000 4.662198089803601952e-001
5.799081905755675281e-001 1.361178026010388509e+000 4.661644927513236003e-001
5.798873556022413611e-001 1.361213952967592400e+000 4.661423577805922092e-001
5.798847523526521330e-001 1.361216484864507192e+000 4.661407666650196902e-001
5.798924576586390600e-001 1.361200114132532946e+000 4.661508036389455101e-001
5.799051914417047149e-001 1.361174498976309488e+000 4.661665275905537142e-001
5.799196503783988765e-001 1.361145681212686753e+000 4.661842219656787689e-001
5.799339206352950304e-001 1.361117160431506656e+000 4.662017338752799667e-001
5.799470075480496201e-001 1.361090754487030541e+000 4.662179448556221240e-001
5.799584871684624332e-001 1.361067237056084123e+000 4.662323787653803731e-001
5.799682651441036008e-001 1.361046778794885004e+000 4.662449304533650696e-001
5.799764202184879425e-001 1.361029233651115389e+000 4.662556896432888953e-001
5.799831090054092808e-001 1.361014313060044945e+000 4.662648337691259193e-001
5.799885120444114861e-001 1.361001684613951435e+000 4.662725672659243648e-001
5.799928058847969581e-001 1.360991023115122989e+000 4.662790901533135357e-001
5.799961505328281586e-001 1.360982033526183521e+000 4.662845839098762601e-001
5.799986853316674296e-001 1.360974458496371886e+000 4.662892068390302458e-001
5.800005290639546063e-001 1.360968078164724648e+000 4.662930941882612590e-001
5.800017818866467501e-001 1.360962706611796191e+000 4.662963603314074779e-001
5.800025278395504191e-001 1.360958187261069430e+000 4.662991015974697340e-001
5.800028373266152837e-001 1.360954388328447173e+000 4.663013990695761279e-001
5.800027693254264927e-001 1.360951198766704229e+000 4.663033210788507521e-001
5.800023732586296887e-001 1.360948524826065098e+000 4.663049253186228316e-001
5.800016905411735646e-001 1.360946287205821781e+000 4.663062605946525774e-001
5.800007558470740010e-001 1.360944418717523252e+000 4.663073682606302395e-001
5.799995981454848515e-001 1.360942862369108219e+000 4.663082833950769057e-001
5.799982415518231127e-001 1.360941569786494609e+000 4.663090357712456613e-001
5.799967060321239432e-001 1.360940499902673961e+000 4.663096506631291271e-001
5.799950079906558420e-001 1.360939617858950790e+000 4.663101495215337122e-001
5.799931607634324360e-001 1.360938894076286765e+000 4.663105505458908229e-001
5.799911750342326977e-001 1.360938303465637267e+000 4.663108691707288922e-001
5.799890591852556732e-001 1.360937824754373082e+000 4.663111184807263720e-001
5.799868195915107716e-001 1.360937439911440228e+000 4.663113095649104589e-001
5.799844608661320899e-001 1.360937133657402764e+000 4.663114518184922619e-001
5.799819860625861079e-001 1.360936893047659524e+000 4.663115531995457030e-001
5.799793968387940701e-001 1.360936707118689970e+000 4.663116204468125137e-001
5.799766935873053031e-001 1.360936566588446972e+000 4.663116592641220470e-001
5.799738755347995101e-001 1.360936463603082291e+000 4.663116744762681454e-001
5.799709408133472133e-001 1.360936391522865385e+000 4.663116701607515346e-001
5.799678865047619425e-001 1.360936344740756754e+000 4.663116497594189114e-001
5.799647086575882016e-001 1.360936318528012112e+000 4.663116161734681686e-001
5.799614022733813323e-001 1.360936308902488179e+000 4.663115718444807434e-001
5.799579612546637009e-001 1.360936312516449531e+000 4.663115188234553954e-001
5.799543783005910447e-001 1.360936326561100307e+000 4.663114588295492191e-001
5.799506447263365061e-001 1.360936348684967490e+000 4.663113933002935863e-001
5.799467501656234703e-001 1.360936376923612467e+000 4.663113234348426062e-001
5.799426820890792866e-001 1.360936409639234457e+000 4.663112502311297924e-001
5.799384250295601673e-001 1.360936445469663525e+000 4.663111745172501821e-001
5.799339593426540151e-001 1.360936483286170340e+000 4.663110969774156289e-001
5.799292592366120935e-001 1.360936522158158413e+000 4.663110181736751514e-001
5.799242896670506742e-001 1.360936561322358518e+000 4.663109385648638860e-001
5.799190014916495439e-001 1.360936600154987630e+000 4.663108585237297765e-001
5.799133239998616185e-001 1.360936638147164590e+000 4.663107783520554217e-001
5.799071535519001452e-001 1.360936674885496744e+000 4.663106982925990796e-001
5.799003365608332849e-001 1.360936710037648600e+000 4.663106185379723434e-001
5.798926444111770495e-001 1.360936743342313182e+000 4.663105392368101509e-001
5.798837371213241276e-001 1.360936774599561527e+000 4.663104604997123648e-001
5.798731116290860577e-001 1.360936803659973382e+000 4.663103824059418590e-001
5.798600295470218713e-001 1.360936830413847831e+000 4.663103050100774749e-001
5.798434181714499092e-001 1.360936854779361882e+000 4.663102283493295031e-001
5.798217375449691291e-001 1.360936876698106479e+000 4.663101524463261760e-001
5.797928056624300774e-001 1.360936896128618567e+000 4.663100773131559906e-001
5.797535736728219868e-001 1.360936913046666419e+000 4.663100029512776135e-001
5.796998434899980346e-001 1.360936927444457600e+000 4.663099293521264510e-001
5.796259218786466993e-001 1.360936939322428652e+000 4.663098565023227615e-001
5.795242081499176745e-001 1.360936948701538363e+000 4.663097843763167605e-001
5.793847174541100209e-001 1.360936955598621267e+000 4.663097129518122275e-001
5.791945482871538875e-001 1.360936960051408962e+000 4.663096421947027781e-001
5.789373115430026528e-001 1.360936962092315961e+000 4.663095720755941476e-001
5.785925486149826602e-001 1.360936961746315843e+000 4.663095025715771058e-001
5.781351774275484967e-001 1.360936959079581676e+000 4.663094336368758808e-001
5.775350169232766895e-001 1.360936954078160399e+000 4.663093652780274656e-001
5.767564505258806484e-001 1.360936946851400764e+000 4.663092974295627857e-001
5.757582974922836883e-001 1.360936937360261556e+000 4.663092301215932545e-001
5.744939633495163012e-001 1.360936925659919972e+000 4.663091633315267770e-001
5.729119387041798905e-001 1.360936911846760466e+000 4.663090970174360028e-001
5.709567048117097920e-001 1.360936895713146022e+000 4.663090313298760003e-001
5.685700845178814911e-001 1.360936877769036046e+000 4.663089659876905047e-001
5.656930529334930347e-001 1.360936857409794865e+000 4.663089013975404984e-001
5.622679812672196631e-001 1.360936835361026276e+000 4.663088371626487039e-001
5.582412556028759631e-001 1.360936811253701695e+000 4.663087735600350281e-001
5.535661607099895409e-001 1.360936784666925803e+000 4.663087109019481424e-001
5.482058841424028994e-001 1.360936757516994611e+000 4.663086480997584160e-001
5.421364666073348326e-001 1.360936726167845778e+000 4.663085874033138234e-001
5.353494797894167156e-001 1.360936696036435523e+000 4.663085256508759380e-001
5.278542503838143940e-001 1.360936661262430070e+000 4.663084663994611079e-001
5.196793938276452751e-001 1.360936625569419967e+000 4.663084075135568440e-001
5.108735244754212257e-001 1.360936591167805965e+000 4.663083477889368722e-001
5.015050051953933163e-001 1.360936546183898699e+000 4.663082941587427532e-001
4.916606509741447972e-001 1.360936514793829266e+000 4.663082327848617203e-001
4.814434914755245654e-001 1.360936462720320428e+000 4.663081832620077360e-001
4.709695244050950413e-001 1.360936425875154399e+000 4.663081253064929044e-001
4.603638265560310860e-001 1.360936381652335658e+000 4.663080716694281147e-001
4.497560520388909633e-001 1.360936321015206341e+000 4.663080271959540446e-001
4.392756815305725038e-001 1.360936300031315271e+000 4.663079614260058348e-001
4.290473943372627996e-001 1.360936214069006001e+000 4.663079307155330588e-001
4.191865236527810845e-001 1.360936197631304356e+000 4.663078632418484193e-001
4.097953918930536399e-001 1.360936126142300306e+000 4.663078248565553086e-001
4.009600905093854140e-001 1.360936062178047745e+000 4.663077825127425191e-001
3.927484030991271746e-001 1.360936049917979895e+000 4.663077137873954392e-001
3.852087013581501074e-001 1.360935924400456631e+000 4.663077024146332072e-001
3.783695893385584652e-001 1.360935941407432681e+000 4.663076192742349746e-001
3.722409385462467912e-001 1.360935827182571556e+000 4.663076013683989385e-001
3.668151456342331751e-001 1.360935779302658855e+000 4.663075502688740492e-001
3.620695141044775189e-001 1.360935755076553066e+000 4.663074873325089298e-001
3.579688192483544418e-001 1.360935612867455680e+000 4.663074813047819456e-001
3.544680121361370451e-001 1.360935642878550844e+000 4.663073913984807084e-001
3.515153888723324682e-001 1.360935499580117058e+000 4.663073843919916528e-001
3.490550233277385228e-001 1.360935466476391964e+000 4.663073237995093434e-001
3.470295457178862453e-001 1.360935419796178047e+000 4.663072690188114211e-001
3.453821809579528113e-001 1.360935278712071872e+000 4.663072583507621438e-001
3.440584225504687010e-001 1.360935304432123738e+000 4.663071675873337596e-001
3.430075911043865555e-001 1.360935142887802929e+000 4.663071647089823690e-001
3.421834120443401073e-001 1.360935119103749757e+000 4.663070956316102689e-001
3.415448309571300634e-001 1.360935052743806661e+000 4.663070456986757040e-001
3.410560423270136421e-001 1.360934909718209074e+000 4.663070309058170992e-001
3.406863823900737609e-001 1.360934934291976539e+000 4.663069359316112106e-001
3.404102734822435639e-001 1.360934751240795215e+000 4.663069377570170926e-001
3.402064706663969207e-001 1.360934737856085430e+000 4.663068584179218545e-001
3.400579009456044521e-001 1.360934650191989448e+000 4.663068128886223018e-001
3.399509115644138157e-001 1.360934505173829745e+000 4.663067931378624964e-001
3.398747491470647808e-001 1.360934528418690448e+000 4.663066928402318512e-001
3.398212577570288717e-001 1.360934322134587537e+000 4.663066993473637400e-001
3.397840616643808542e-001 1.360934320667506192e+000 4.663066080278844283e-001
3.397585487252574588e-001 1.360934208017324787e+000 4.663065676816546823e-001
3.397412443314386521e-001 1.360934062728792027e+000 4.663065412713888747e-001
3.397295919576686640e-001 1.360934082393747691e+000 4.663064356989449766e-001
3.397218996564191906e-001 1.360933851850732346e+000 4.663064464377039142e-001
3.397167827485995661e-001 1.360933863607712846e+000 4.663063414987880795e-001
3.397134605658143625e-001 1.360933721718455391e+000 4.663063072978498314e-001
3.397112951958197180e-001 1.360933578444323500e+000 4.663062720771999348e-001
3.397098431225651916e-001 1.360933590938250504e+000 4.663061617737279674e-001
3.397089390609119852e-001 1.360933335386825815e+000 4.663061759139738860e-001
3.397082721480827461e-001 1.360933361059594171e+000 4.663060557696436792e-001
3.397078469165973891e-001 1.360933185202064077e+000 4.663060286161646584e-001
3.397075324476519498e-001 1.360933046684910996e+000 4.663059818923676048e-001
3.397072584047537980e-001 1.360933047224623049e+000 4.663058676220457888e-001
3.397070998046964330e-001 1.360932765974343761e+000 4.663058839121144716e-001
3.397068918145392802e-001 1.360932805404350354e+000 4.663057469581940451e-001
3.397067650181715970e-001 1.360932590108695495e+000 4.663057276412471697e-001
3.397066300400111705e-001 1.360932459173225029e+000 4.663056661786567636e-001
3.397064758954388419e-001 1.360932441931035797e+000 4.663055486509305458e-001
3.397063992722434422e-001 1.360932134321375386e+000 4.663055652264365691e-001
3.397062394785642092e-001 1.360932186082230100e+000 4.663054098054068564e-001
3.397061602653607126e-001 1.360931924971245710e+000 4.663053988313975440e-001
3.397060499320943006e-001 1.360931803941226370e+000 4.663053188559743711e-001
3.397059230167592814e-001 1.360931761434682530e+000 4.663051987148442712e-001
3.397058698414809341e-001 1.360931426999358429e+000 4.663052126972498934e-001
3.397057215294221333e-001 1.360931488131568168e+000 4.663050368657408740e-001
3.397056667008056530e-001 1.360931173582272224e+000 4.663050342259320580e-001
3.397055627658366883e-001 1.360931063781671169e+000 4.663049312293984228e-001
3.397054516844462135e-001 1.360930986101791307e+000 4.663048089428366572e-001
3.397054107684285840e-001 1.360930623684018403e+000 4.663048163348647579e-001
3.397052650664924012e-001 1.360930689125386506e+000 4.663046175579866337e-001
3.397052275043983549e-001 1.360930312183358026e+000 4.663046221369989142e-001
3.397051212345839621e-001 1.360930213201616112e+000 4.663044905266076068e-001
3.397050206655524152e-001 1.360930087184261783e+000 4.663043660078420305e-001
3.397049842831068589e-001 1.360929694077057883e+000 4.663043612408011018e-001
3.397048350232204639e-001 1.360929754949676163e+000 4.663041361990859501e-001
3.397048091126818603e-001 1.360929303851941441e+000 4.663041450772811292e-001
3.397046923595755108e-001 1.360929210622269014e+000 4.663039764624923866e-001
3.397045953736552715e-001 1.360929007659861023e+000 4.663038431145600793e-001
3.397045416824338582e-001 1.360928519062118092e+000 4.663037904214193952e-001
3.397043059379322716e-001 1.360928244886397964e+000 4.663033854999750205e-001
3.397038726777124595e-001 1.360926016278743989e+000 4.663025987730918254e-001
3.397015302220003363e-001 1.360916912203140816e+000 4.662981409414367895e-001
3.396896496327931891e-001 1.360868524183988626e+000 4.662753517379905621e-001
3.396267008927036923e-001 1.360611333141685142e+000 4.661544230906466968e-001
3.392914864324319546e-001 1.359243103654805829e+000 4.655103748437617317e-001
3.375229982440957066e-001 1.351997759241356345e+000 4.621147934792211309e-001
3.286101632537671846e-001 1.314894363820965806e+000 4.450633018069205527e-001
2.918658040838894019e-001 1.150412883526545693e+000 3.758632228450563550e-001
2.079367158943947469e-001 6.758392170777882679e-001 2.254960580337199427e-001
1.409507860938572776e-001 1.413204986064944824e-001 1.198670796589316190e-001
1.262503688226452037e-001 1.064423288679311463e-002 1.014124931820269415e-001
1.250762329483559310e-001 6.456358370640715751e-004 1.000854245185154590e-001
1.250045546219961667e-001 3.856204512482871337e-005 1.000051013320456678e-001
1.250002717878715974e-001 2.301068733641288493e-006 1.000003044029695032e-001
1.250000162172145712e-001 1.373015035642778295e-007 1.000000181632823421e-001
1.250000009676555945e-001 8.192563209489494438e-009 1.000000010837742426e-001
1.250000000577384529e-001 4.888374842398088203e-010 1.000000000646671106e-001
1.250000000034451331e-001 2.916820570706115875e-011 1.000000000038585857e-001
1.250000000002055855e-001 1.740372560062101885e-012 1.000000000002302381e-001
1.250000000000122680e-001 1.037802737731253472e-013 1.000000000000137446e-001
1.250000000000007494e-001 6.142757634779569466e-015 1.000000000000008243e-001
1.250000000000000278e-001 3.233030327608466638e-016 1.000000000000000472e-001
1.250000000000000000e-001 0.000000000000000000e+000 1.000000000000000056e-001
1.250000000000000000e-001 0.000000000000000000e+000 1.000000000000000056e-001
1.250000000000000000e-001 0.000000000000000000e+000 1.000000000000000056e-001
1.250000000000000000e-001 0.000000000000000000e+000 1.000000000000000056e-001
1.250000000000000000e-001 0.000000000000000000e+000 1.000000000000000056e-001
1.250000000000000000e-001 0.000000000000000000e+000 1.000000000000000056e-001
1.250000000000000000e-001 0.000000000000000000e+000 1.000000000000000056e-001
1.250000000000000000e-001 0.000000000000000000e+000 1.000000000000000056e-001
1.250000000000000000e-001 0.000000000000000000e+000 1.000000000000000056e-001
1.250000000000000000e-001 0.000000000000000000e+000 1.000000000000000056e-001
1.250000000000000000e-001 0.000000000000000000e+000 1.000000000000000056e-001
1.250000000000000000e-001 0.000000000000000000e+000 1.000000000000000056e-001
1.250000000000000000e-001 0.000000000000000000e+000 1.000000000000000056e-001
1.250000000000000000e-001 0.000000000000000000e+000 1.000000000000000056e-001
1.250000000000000000e-001 0.000000000000000000e+000 1.000000000000000056e-001
1.250000000000000000e-001 0.000000000000000000e+000 1.000000000000000056e-001
1.250000000000000000e-001 0.000000000000000000e+000 1.000000000000000056e-001
1.250000000000000000e-001 0.000000000000000000e+000 1.000000000000000056e-001
1.250000000000000000e-001 0.000000000000000000e+000 1.000000000000000056e-001
1.250000000000000000e-001 0.000000000000000000e+000 1.000000000000000056e-001
1.250000000000000000e-001 0.000000000000000000e+000 1.000000000000000056e-001
1.250000000000000000e-001 0.000000000000000000e+000 1.000000000000000056e-001
1.250000000000000000e-001 0.000000000000000000e+000 1.000000000000000056e-001
1.250000000000000000e-001 0.000000000000000000e+000 1.000000000000000056e-001
1.250000000000000000e-001 0.000000000000000000e+000 1.000000000000000056e-001
1.250000000000000000e-001 0.000000000000000000e+000 1.000000000000000056e-001
1.250000000000000000e-001 0.000000000000000000e+000 1.000000000000000056e-001
1.250000000000000000e-001 0.000000000000000000e+000 1.000000000000000056e-001
1.250000000000000000e-001 0.000000000000000000e+000 1.000000000000000056e-001
1.250000000000000000e-001 0.000000000000000000e+000 1.000000000000000056e-001
1.250000000000000000e-001 0.000000000000000000e+000 1.000000000000000056e-001
1.250000000000000000e-001 0.000000000000000000e+000 1.000000000000000056e-001
1.250000000000000000e-001 0.000000000000000000e+000 1.000000000000000056e-001
1.250000000000000000e-001 0.000000000000000000e+000 1.000000000000000056e-001
1.250000000000000000e-001 0.000000000000000000e+000 1.000000000000000056e-001
1.250000000000000000e-001 0.000000000000000000e+000 1.000000000000000056e-001
1.250000000000000000e-001 0.000000000000000000e+000 1.000000000000000056e-001
1.250000000000000000e-001 0.000000000000000000e+000 1.000000000000000056e-001
1.250000000000000000e-001 0.000000000000000000e+000 1.000000000000000056e-001
1.250000000000000000e-001 0.000000000000000000e+000 1.000000000000000056e-001
1.250000000000000000e-001 0.000000000000000000e+000 1.000000000000000056e-001
1.250000000000000000e-001 0.000000000000000000e+000 1.000000000000000056e-001
1.250000000000000000e-001 0.000000000000000000e+000 1.000000000000000056e-001
1.250000000000000000e-001 0.000000000000000000e+000 1.000000000000000056e-001
1.250000000000000000e-001 0.000000000000000000e+000 1.000000000000000056e-001
1.250000000000000000e-001 0.000000000000000000e+000 1.000000000000000056e-001
1.250000000000000000e-001 0.000000000000000000e+000 1.000000000000000056e-001
1.250000000000000000e-001 0.000000000000000000e+000 1.000000000000000056e-001
1.250000000000000000e-001 0.000000000000000000e+000 1.000000000000000056e-001
1.250000000000000000e-001 0.000000000000000000e+000 1.000000000000000056e-001
1.250000000000000000e-001 0.000000000000000000e+000 1.000000000000000056e-001
1.250000000000000000e-001 0.000000000000000000e+000 1.000000000000000056e-001
1.250000000000000000e-001 0.000000000000000000e+000 1.000000000000000056e-001
1.250000000000000000e-001 0.000000000000000000e+000 1.000000000000000056e-001
1.250000000000000000e-001 0.000000000000000000e+000 1.000000000000000056e-001
1.250000000000000000e-001 0.000000000000000000e+000 1.000000000000000056e-001
1.250000000000000000e-001 0.000000000000000000e+000 1.000000000000000056e-001
1.250000000000000000e-001 0.000000000000000000e+000 1.000000000000000056e-001
1.250000000000000000e-001 0.000000000000000000e+000 1.000000000000000056e-001
1.250000000000000000e-001 0.000000000000000000e+000 1.000000000000000056e-001
1.250000000000000000e-001 0.000000000000000000e+000 1.000000000000000056e-001
1.250000000000000000e-001 0.000000000000000000e+000 1.000000000000000056e-001
1.250000000000000000e-001 0.000000000000000000e+000 1.000000000000000056e-001
1.250000000000000000e-001 0.000000000000000000e+000 1.000000000000000056e-001
1.250000000000000000e-001 0.000000000000000000e+000 1.000000000000000056e-001
1.250000000000000000e-001 0.000000000000000000e+000 1.000000000000000056e-001
1.250000000000000000e-001 0.000000000000000000e+000 1.000000000000000056e-001
1.250000000000000000e-001 0.000000000000000000e+000 1.000000000000000056e-001
1.250000000000000000e-001 0.000000000000000000e+000 1.000000000000000056e-001
1.250000000000000000e-001 0.000000000000000000e+000 1.000000000000000056e-001
1.250000000000000000e-001 0.000000000000000000e+000 1.000000000000000056e-001
1.250000000000000000e-001 0.000000000000000000e+000 1.000000000000000056e-001
1.250000000000000000e-001 0.000000000000000000e+000 1.000000000000000056e-001
1.250000000000000000e-001 0.000000000000000000e+000 1.000000000000000056e-001
1.250000000000000000e-001 0.000000000000000000e+000 1.000000000000000056e-001
1.250000000000000000e-001 0.000000000000000000e+000 1.000000000000000056e-001
1.250000000000000000e-001 0.000000000000000000e+000 1.000000000000000056e-001
1.250000000000000000e-001 0.000000000000000000e+000 1.000000000000000056e-001
1.250000000000000000e-001 0.000000000000000000e+000 1.000000000000000056e-001
1.250000000000000000e-001 0.000000000000000000e+000 1.000000000000000056e-001
1.250000000000000000e-001 0.000000000000000000e+000 1.000000000000000056e-001
1.250000000000000000e-001 0.000000000000000000e+000 1.000000000000000056e-001
1.250000000000000000e-001 0.000000000000000000e+000 1.000000000000000056e-001
1.250000000000000000e-001 0.000000000000000000e+000 1.000000000000000056e-001
1.250000000000000000e-001 0.000000000000000000e+000 1.000000000000000056e-001
1.250000000000000000e-001 0.000000000000000000e+000 1.000000000000000056e-001
1.250000000000000000e-001 0.000000000000000000e+000 1.000000000000000056e-001
1.250000000000000000e-001 0.000000000000000000e+000 1.000000000000000056e-001
1.250000000000000000e-001 0.000000000000000000e+000 1.000000000000000056e-001
1.250000000000000000e-001 0.000000000000000000e+000 1.000000000000000056e-001
1.250000000000000000e-001 0.000000000000000000e+000 1.000000000000000056e-001
1.250000000000000000e-001 0.000000000000000000e+000 1.000000000000000056e-001
1.250000000000000000e-001 0.000000000000000000e+000 1.000000000000000056e-001
1.250000000000000000e-001 0.000000000000000000e+000 1.000000000000000056e-001
1.250000000000000000e-001 0.000000000000000000e+000 1.000000000000000056e-001
1.250000000000000000e-001 0.000000000000000000e+000 1.000000000000000056e-001
1.250000000000000000e-001 0.000000000000000000e+000 1.000000000000000056e-001
1.250000000000000000e-001 0.000000000000000000e+000 1.000000000000000056e-001
1.250000000000000000e-001 0.000000000000000000e+000 1.000000000000000056e-001
1.250000000000000000e-001 0.000000000000000000e+000 1.000000000000000056e-001
1.250000000000000000e-001 0.000000000000000000e+000 1.000000000000000056e-001
1.250000000000000000e-001 0.000000000000000000e+000 1.000000000000000056e-001
1.250000000000000000e-001 0.000000000000000000e+000 1.000000000000000056e-001
1.250000000000000000e-001 0.000000000000000000e+000 1.000000000000000056e-001
1.250000000000000000e-001 0.000000000000000000e+000 1.000000000000000056e-001
1.250000000000000000e-001 0.000000000000000000e+000 1.000000000000000056e-001
1.250000000000000000e-001 0.000000000000000000e+000 1.000000000000000056e-001
1.250000000000000000e-001 0.000000000000000000e+000 1.000000000000000056e-001
1.250000000000000000e-001 0.000000000000000000e+000 1.000000000000000056e-001
1.250000000000000000e-001 0.000000000000000000e+000 1.000000000000000056e-001
1.250000000000000000e-001 0.000000000000000000e+000 1.000000000000000056e-001
1.250000000000000000e-001 0.000000000000000000e+000 1.000000000000000056e-001
1.250000000000000000e-001 0.000000000000000000e+000 1.000000000000000056e-001
1.250000000000000000e-001 0.000000000000000000e+000 1.000000000000000056e-001
1.250000000000000000e-001 0.000000000000000000e+000 1.000000000000000056e-001
1.250000000000000000e-001 0.000000000000000000e+000 1.000000000000000056e-001
1.250000000000000000e-001 0.000000000000000000e+000 1.000000000000000056e-001
1.250000000000000000e-001 0.000000000000000000e+000 1.000000000000000056e-001
1.250000000000000000e-001 0.000000000000000000e+000 1.000000000000000056e-001
1.250000000000000000e-001 0.000000000000000000e+000 1.000000000000000056e-001
1.250000000000000000e-001 0.000000000000000000e+000 1.000000000000000056e-001
